"TOA5","Compass_MSM_Buoy","CR1000X","29515","CR1000X.Std.06.02","CPU:COMPASS_v3.4.CR1X","43155","CheckTable"
"TIMESTAMP","RECORD","BattV","SolarV","Batt_CHECK","Solar_CHECK","Flag(1)","Flag(2)","Flag(3)","Flag(4)","Flag(5)","Flag(6)","Flag(7)","Flag(8)","Flag(9)","Flag(10)","Flag(11)","Flag(12)","Flag(13)","Flag(14)","Statname","PB"
"TS","RN","Volts","Volts","","","","","","","","","","","","","","","","","",""
"","","Smp","Smp","Smp","Smp","Smp","Smp","Smp","Smp","Smp","Smp","Smp","Smp","Smp","Smp","Smp","Smp","Smp","Smp","Smp","Smp"
2023-08-24 15:15:00,0,12.07,-0.046,OKAY,LOW,0,0,0,0,0,0,0,0,0,-1,0,0,0,0,Compass_MSM_407_BuoyBob,407
2023-08-24 15:30:00,1,12.1,-0.08,OKAY,LOW,0,0,0,0,0,0,0,0,0,-1,0,0,0,0,Compass_MSM_407_BuoyBob,407
2023-08-24 15:45:00,2,12.1,-0.122,OKAY,LOW,0,0,0,0,0,0,0,0,0,-1,0,0,0,0,Compass_MSM_407_BuoyBob,407
2023-08-24 16:00:00,3,12.09,-0.14,OKAY,LOW,0,0,0,0,0,0,0,0,0,-1,0,0,0,0,Compass_MSM_407_BuoyBob,407
2023-08-24 16:15:00,4,12.09,-0.122,OKAY,LOW,0,0,0,0,0,0,0,0,0,-1,0,0,0,0,Compass_MSM_407_BuoyBob,407
2023-08-24 16:30:00,5,12.1,-0.072,OKAY,LOW,0,0,0,0,0,0,0,0,0,-1,0,0,0,0,Compass_MSM_407_BuoyBob,407
2023-08-24 16:45:00,6,12.11,-0.113,OKAY,LOW,0,0,0,0,0,0,0,0,0,-1,0,0,0,0,Compass_MSM_407_BuoyBob,407
2023-08-24 17:30:00,7,12.19,-0.032,OKAY,LOW,0,0,0,0,0,0,0,0,0,-1,0,0,0,0,Compass_MSM_407_BuoyBob,407
2023-08-25 09:00:00,8,12.62,0.003,OKAY,LOW,0,0,0,0,0,0,0,0,0,-1,0,0,0,0,Compass_MSM_407_BuoyBob,407
2023-08-25 09:15:00,9,12.64,-0.036,OKAY,LOW,0,0,0,0,0,0,0,0,0,-1,0,0,0,0,Compass_MSM_407_BuoyBob,407
2023-08-25 09:30:00,10,12.64,-0.084,OKAY,LOW,0,0,0,0,0,0,0,0,0,-1,0,0,0,0,Compass_MSM_407_BuoyBob,407
2023-08-25 09:45:00,11,12.64,-0.129,OKAY,LOW,0,0,0,0,0,0,0,0,0,-1,0,0,0,0,Compass_MSM_407_BuoyBob,407
2023-08-25 10:00:00,12,12.64,-0.144,OKAY,LOW,0,0,0,0,0,0,0,0,0,-1,0,0,0,0,Compass_MSM_407_BuoyBob,407
2023-08-25 10:15:00,13,12.64,-0.139,OKAY,LOW,0,0,0,0,0,0,0,0,0,-1,0,0,0,0,Compass_MSM_407_BuoyBob,407
2023-08-25 10:30:00,14,12.63,-0.181,OKAY,LOW,0,0,0,0,0,0,0,0,0,-1,0,0,0,0,Compass_MSM_407_BuoyBob,407
2023-08-25 10:45:00,15,12.62,0.03,OKAY,LOW,0,0,0,0,0,0,0,0,0,-1,0,0,0,0,Compass_MSM_407_BuoyBob,407
2023-08-28 09:00:00,16,12.79,-0.066,OKAY,LOW,0,0,0,0,0,0,0,0,0,-1,0,0,0,0,Compass_MSM_407_BuoyBob,407
2023-08-28 09:15:00,17,12.8,-0.099,OKAY,LOW,0,0,0,0,0,0,0,0,0,-1,0,0,0,0,Compass_MSM_407_BuoyBob,407
2023-08-28 09:30:00,18,12.8,-0.13,OKAY,LOW,0,0,0,0,0,0,0,0,0,-1,0,0,0,0,Compass_MSM_407_BuoyBob,407
2023-08-28 09:45:00,19,12.8,-0.179,OKAY,LOW,0,0,0,0,0,0,0,0,0,-1,0,0,0,0,Compass_MSM_407_BuoyBob,407
2023-08-28 10:00:00,20,12.78,-0.178,OKAY,LOW,0,0,0,0,0,0,0,0,0,-1,0,0,0,0,Compass_MSM_407_BuoyBob,407
2023-08-28 10:15:00,21,13.02,-0.188,OKAY,LOW,0,0,0,0,0,0,0,0,0,-1,0,0,0,0,Compass_MSM_407_BuoyBob,407
2023-08-28 10:30:00,22,13.07,-0.164,OKAY,LOW,0,0,0,0,0,0,0,0,0,-1,0,0,0,0,Compass_MSM_407_BuoyBob,407
2023-08-28 10:45:00,23,13.13,-0.189,OKAY,LOW,0,0,0,0,0,0,0,0,0,-1,0,0,0,0,Compass_MSM_407_BuoyBob,407
2023-08-28 11:00:00,24,13.18,-0.189,OKAY,LOW,0,0,0,0,0,0,0,0,0,-1,0,0,0,0,Compass_MSM_407_BuoyBob,407
2023-08-28 11:15:00,25,13.18,-0.203,OKAY,LOW,0,0,0,0,0,0,0,0,0,-1,0,0,0,0,Compass_MSM_407_BuoyBob,407
2023-08-28 11:30:00,26,13.24,-0.156,OKAY,LOW,0,0,0,0,0,0,0,0,0,-1,0,0,0,0,Compass_MSM_407_BuoyBob,407
2023-08-28 11:45:00,27,13.22,-0.158,OKAY,LOW,0,0,0,0,0,0,0,0,0,-1,0,0,0,0,Compass_MSM_407_BuoyBob,407
2023-08-28 12:00:00,28,13.21,-0.16,OKAY,LOW,0,0,0,0,0,0,0,0,0,-1,0,0,0,0,Compass_MSM_407_BuoyBob,407
2023-08-28 12:15:00,29,13.16,-0.191,OKAY,LOW,0,0,0,0,0,0,0,0,0,-1,0,0,0,0,Compass_MSM_407_BuoyBob,407
2023-08-28 12:30:00,30,13.16,-0.183,OKAY,LOW,0,0,0,0,0,0,0,0,0,-1,0,0,0,0,Compass_MSM_407_BuoyBob,407
2023-08-28 12:45:00,31,13.11,-0.157,OKAY,LOW,0,0,0,0,0,0,0,0,0,-1,0,0,0,0,Compass_MSM_407_BuoyBob,407
2023-08-28 13:00:00,32,13.16,-0.191,OKAY,LOW,0,0,0,0,0,0,0,0,0,-1,0,0,0,0,Compass_MSM_407_BuoyBob,407
2023-08-28 13:15:00,33,13.14,-0.147,OKAY,LOW,0,0,0,0,0,0,0,0,0,-1,0,0,0,0,Compass_MSM_407_BuoyBob,407
2023-08-28 13:30:00,34,13.14,-0.178,OKAY,LOW,0,0,0,0,0,0,0,0,0,-1,0,0,0,0,Compass_MSM_407_BuoyBob,407
2023-08-28 13:45:00,35,13.16,-0.135,OKAY,LOW,0,0,0,0,0,0,0,0,0,-1,0,0,0,0,Compass_MSM_407_BuoyBob,407
2023-08-28 14:00:00,36,13.22,-0.157,OKAY,LOW,0,0,0,0,0,0,0,0,0,-1,0,0,0,0,Compass_MSM_407_BuoyBob,407
2023-08-28 14:15:00,37,13.13,-0.168,OKAY,LOW,0,0,0,0,0,0,0,0,0,-1,0,0,0,0,Compass_MSM_407_BuoyBob,407
2023-08-28 14:30:00,38,13.26,-0.14,OKAY,LOW,0,0,0,0,0,0,0,0,0,-1,0,0,0,0,Compass_MSM_407_BuoyBob,407
2023-08-28 14:45:00,39,13.08,-0.151,OKAY,LOW,0,0,0,0,0,0,0,0,0,-1,0,0,0,0,Compass_MSM_407_BuoyBob,407
2023-08-28 15:00:00,40,13.09,-0.174,OKAY,LOW,0,0,0,0,0,0,0,0,0,-1,0,0,0,0,Compass_MSM_407_BuoyBob,407
2023-08-28 15:15:00,41,13.09,-0.153,OKAY,LOW,0,0,0,0,0,0,0,0,0,-1,0,0,0,0,Compass_MSM_407_BuoyBob,407
2023-08-28 15:30:00,42,13.07,-0.188,OKAY,LOW,0,0,0,0,0,0,0,0,0,-1,0,0,0,0,Compass_MSM_407_BuoyBob,407
2023-08-28 15:45:00,43,13.04,-0.173,OKAY,LOW,0,0,0,0,0,0,0,0,0,-1,0,0,0,0,Compass_MSM_407_BuoyBob,407
2023-08-28 16:00:00,44,12.99,-0.186,OKAY,LOW,0,0,0,0,0,0,0,0,0,-1,0,0,0,0,Compass_MSM_407_BuoyBob,407
2023-08-28 16:15:00,45,12.96,-0.179,OKAY,LOW,0,0,0,0,0,0,0,0,0,-1,0,0,0,0,Compass_MSM_407_BuoyBob,407
2023-08-28 16:30:00,46,12.95,-0.183,OKAY,LOW,0,0,0,0,0,0,0,0,0,-1,0,0,0,0,Compass_MSM_407_BuoyBob,407
2023-08-28 16:45:00,47,12.92,-0.186,OKAY,LOW,0,0,0,0,0,0,0,0,0,-1,0,0,0,0,Compass_MSM_407_BuoyBob,407
2023-08-28 17:00:00,48,12.9,-0.189,OKAY,LOW,0,0,0,0,0,0,0,0,0,-1,0,0,0,0,Compass_MSM_407_BuoyBob,407
2023-08-28 17:15:00,49,12.91,-0.133,OKAY,LOW,0,0,0,0,0,0,0,0,0,-1,0,0,0,0,Compass_MSM_407_BuoyBob,407
2023-08-28 17:30:00,50,12.9,-0.147,OKAY,LOW,0,0,0,0,0,0,0,0,0,-1,0,0,0,0,Compass_MSM_407_BuoyBob,407
2023-08-28 17:45:00,51,12.88,-0.162,OKAY,LOW,0,0,0,0,0,0,0,0,0,-1,0,0,0,0,Compass_MSM_407_BuoyBob,407
2023-08-28 18:00:00,52,12.85,-0.157,OKAY,LOW,0,0,0,0,0,0,0,0,0,-1,0,0,0,0,Compass_MSM_407_BuoyBob,407
2023-08-28 18:15:00,53,12.82,-0.18,OKAY,LOW,0,0,0,0,0,0,0,0,0,-1,0,0,0,0,Compass_MSM_407_BuoyBob,407
2023-08-28 18:30:00,54,12.7,-0.18,OKAY,LOW,0,0,0,0,0,0,0,0,0,-1,0,0,0,0,Compass_MSM_407_BuoyBob,407
2023-08-28 18:45:00,55,12.8,-0.227,OKAY,LOW,0,0,0,0,0,0,0,0,0,-1,0,0,0,0,Compass_MSM_407_BuoyBob,407
2023-08-28 19:00:00,56,12.79,-0.179,OKAY,LOW,0,0,0,0,0,0,0,0,0,-1,0,0,0,0,Compass_MSM_407_BuoyBob,407
2023-08-28 19:15:00,57,12.79,-0.126,OKAY,LOW,0,0,0,0,0,0,0,0,0,-1,0,0,0,0,Compass_MSM_407_BuoyBob,407
2023-08-28 19:30:00,58,12.78,-0.157,OKAY,LOW,0,0,0,0,0,0,0,0,0,-1,0,0,0,0,Compass_MSM_407_BuoyBob,407
2023-08-28 19:45:00,59,12.77,-0.169,OKAY,LOW,0,0,0,0,0,0,0,0,0,-1,0,0,0,0,Compass_MSM_407_BuoyBob,407
2023-08-28 20:00:00,60,12.76,-0.159,OKAY,LOW,0,0,0,0,0,0,0,0,0,-1,0,0,0,0,Compass_MSM_407_BuoyBob,407
2023-08-28 20:15:00,61,12.76,-0.194,OKAY,LOW,0,0,0,0,0,0,0,0,0,-1,0,0,0,0,Compass_MSM_407_BuoyBob,407
2023-08-28 20:30:00,62,12.75,-0.181,OKAY,LOW,0,0,0,0,0,0,0,0,0,-1,0,0,0,0,Compass_MSM_407_BuoyBob,407
2023-08-28 20:45:00,63,12.74,-0.167,OKAY,LOW,0,0,0,0,0,0,0,0,0,-1,0,0,0,0,Compass_MSM_407_BuoyBob,407
2023-08-28 21:00:00,64,12.74,-0.2,OKAY,LOW,0,0,0,0,0,0,0,0,0,-1,0,0,0,0,Compass_MSM_407_BuoyBob,407
2023-08-28 21:15:00,65,12.73,-0.179,OKAY,LOW,0,0,0,0,0,0,0,0,0,-1,0,0,0,0,Compass_MSM_407_BuoyBob,407
2023-08-28 21:30:00,66,12.72,-0.191,OKAY,LOW,0,0,0,0,0,0,0,0,0,-1,0,0,0,0,Compass_MSM_407_BuoyBob,407
2023-08-28 21:45:00,67,12.72,-0.13,OKAY,LOW,0,0,0,0,0,0,0,0,0,-1,0,0,0,0,Compass_MSM_407_BuoyBob,407
2023-08-28 22:00:00,68,12.71,-0.169,OKAY,LOW,0,0,0,0,0,0,0,0,0,-1,0,0,0,0,Compass_MSM_407_BuoyBob,407
2023-08-28 22:15:00,69,12.7,-0.187,OKAY,LOW,0,0,0,0,0,0,0,0,0,-1,0,0,0,0,Compass_MSM_407_BuoyBob,407
2023-08-28 22:30:00,70,12.7,-0.166,OKAY,LOW,0,0,0,0,0,0,0,0,0,-1,0,0,0,0,Compass_MSM_407_BuoyBob,407
2023-08-28 22:45:00,71,12.69,-0.187,OKAY,LOW,0,0,0,0,0,0,0,0,0,-1,0,0,0,0,Compass_MSM_407_BuoyBob,407
2023-08-28 23:00:00,72,12.69,-0.189,OKAY,LOW,0,0,0,0,0,0,0,0,0,-1,0,0,0,0,Compass_MSM_407_BuoyBob,407
2023-08-28 23:15:00,73,12.68,-0.187,OKAY,LOW,0,0,0,0,0,0,0,0,0,-1,0,0,0,0,Compass_MSM_407_BuoyBob,407
2023-08-28 23:30:00,74,12.68,-0.142,OKAY,LOW,0,0,0,0,0,0,0,0,0,-1,0,0,0,0,Compass_MSM_407_BuoyBob,407
2023-08-28 23:45:00,75,12.67,-0.189,OKAY,LOW,0,0,0,0,0,0,0,0,0,-1,0,0,0,0,Compass_MSM_407_BuoyBob,407
2023-08-29 00:00:00,76,12.66,-0.194,OKAY,LOW,0,0,0,0,0,0,0,0,0,-1,0,0,0,0,Compass_MSM_407_BuoyBob,407
2023-08-29 00:15:00,77,12.66,-0.149,OKAY,LOW,0,0,0,0,0,0,0,0,0,-1,0,0,0,0,Compass_MSM_407_BuoyBob,407
2023-08-29 00:30:00,78,12.66,-0.181,OKAY,LOW,0,0,0,0,0,0,0,0,0,-1,0,0,0,0,Compass_MSM_407_BuoyBob,407
2023-08-29 00:45:00,79,12.65,-0.127,OKAY,LOW,0,0,0,0,0,0,0,0,0,-1,0,0,0,0,Compass_MSM_407_BuoyBob,407
2023-08-29 01:00:00,80,12.64,-0.171,OKAY,LOW,0,0,0,0,0,0,0,0,0,-1,0,0,0,0,Compass_MSM_407_BuoyBob,407
2023-08-29 01:15:00,81,12.64,-0.138,OKAY,LOW,0,0,0,0,0,0,0,0,0,-1,0,0,0,0,Compass_MSM_407_BuoyBob,407
2023-08-29 01:30:00,82,12.64,-0.173,OKAY,LOW,0,0,0,0,0,0,0,0,0,-1,0,0,0,0,Compass_MSM_407_BuoyBob,407
2023-08-29 01:45:00,83,12.64,-0.163,OKAY,LOW,0,0,0,0,0,0,0,0,0,-1,0,0,0,0,Compass_MSM_407_BuoyBob,407
2023-08-29 02:00:00,84,12.63,-0.201,OKAY,LOW,0,0,0,0,0,0,0,0,0,-1,0,0,0,0,Compass_MSM_407_BuoyBob,407
2023-08-29 02:15:00,85,12.63,-0.181,OKAY,LOW,0,0,0,0,0,0,0,0,0,-1,0,0,0,0,Compass_MSM_407_BuoyBob,407
2023-08-29 02:30:00,86,12.63,-0.192,OKAY,LOW,0,0,0,0,0,0,0,0,0,-1,0,0,0,0,Compass_MSM_407_BuoyBob,407
2023-08-29 02:45:00,87,12.62,-0.18,OKAY,LOW,0,0,0,0,0,0,0,0,0,-1,0,0,0,0,Compass_MSM_407_BuoyBob,407
2023-08-29 03:00:00,88,12.62,-0.171,OKAY,LOW,0,0,0,0,0,0,0,0,0,-1,0,0,0,0,Compass_MSM_407_BuoyBob,407
2023-08-29 03:15:00,89,12.62,-0.192,OKAY,LOW,0,0,0,0,0,0,0,0,0,-1,0,0,0,0,Compass_MSM_407_BuoyBob,407
2023-08-29 03:30:00,90,12.61,-0.137,OKAY,LOW,0,0,0,0,0,0,0,0,0,-1,0,0,0,0,Compass_MSM_407_BuoyBob,407
2023-08-29 03:45:00,91,12.61,-0.162,OKAY,LOW,0,0,0,0,0,0,0,0,0,-1,0,0,0,0,Compass_MSM_407_BuoyBob,407
2023-08-29 04:00:00,92,12.61,-0.182,OKAY,LOW,0,0,0,0,0,0,0,0,0,-1,0,0,0,0,Compass_MSM_407_BuoyBob,407
2023-08-29 04:15:00,93,12.61,-0.17,OKAY,LOW,0,0,0,0,0,0,0,0,0,-1,0,0,0,0,Compass_MSM_407_BuoyBob,407
2023-08-29 04:30:00,94,12.61,-0.184,OKAY,LOW,0,0,0,0,0,0,0,0,0,-1,0,0,0,0,Compass_MSM_407_BuoyBob,407
2023-08-29 04:45:00,95,12.6,-0.167,OKAY,LOW,0,0,0,0,0,0,0,0,0,-1,0,0,0,0,Compass_MSM_407_BuoyBob,407
2023-08-29 05:00:00,96,12.6,-0.122,OKAY,LOW,0,0,0,0,0,0,0,0,0,-1,0,0,0,0,Compass_MSM_407_BuoyBob,407
2023-08-29 05:15:00,97,12.47,-0.179,OKAY,LOW,0,0,0,0,0,0,0,0,0,-1,0,0,0,0,Compass_MSM_407_BuoyBob,407
2023-08-29 05:30:00,98,12.6,-0.176,OKAY,LOW,0,0,0,0,0,0,0,0,0,-1,0,0,0,0,Compass_MSM_407_BuoyBob,407
2023-08-29 05:45:00,99,12.6,-0.152,OKAY,LOW,0,0,0,0,0,0,0,0,0,-1,0,0,0,0,Compass_MSM_407_BuoyBob,407
2023-08-29 06:00:00,100,12.62,-0.131,OKAY,LOW,0,0,0,0,0,0,0,0,0,-1,0,0,0,0,Compass_MSM_407_BuoyBob,407
2023-08-29 06:15:00,101,12.62,-0.133,OKAY,LOW,0,0,0,0,0,0,0,0,0,-1,0,0,0,0,Compass_MSM_407_BuoyBob,407
2023-08-29 06:30:00,102,12.61,-0.178,OKAY,LOW,0,0,0,0,0,0,0,0,0,-1,0,0,0,0,Compass_MSM_407_BuoyBob,407
2023-08-29 06:45:00,103,12.62,-0.169,OKAY,LOW,0,0,0,0,0,0,0,0,0,-1,0,0,0,0,Compass_MSM_407_BuoyBob,407
2023-08-29 07:00:00,104,12.62,-0.116,OKAY,LOW,0,0,0,0,0,0,0,0,0,-1,0,0,0,0,Compass_MSM_407_BuoyBob,407
2023-08-29 07:15:00,105,12.65,-0.138,OKAY,LOW,0,0,0,0,0,0,0,0,0,-1,0,0,0,0,Compass_MSM_407_BuoyBob,407
2023-08-29 07:30:00,106,12.67,-0.143,OKAY,LOW,0,0,0,0,0,0,0,0,0,-1,0,0,0,0,Compass_MSM_407_BuoyBob,407
2023-08-29 07:45:00,107,12.78,-0.112,OKAY,LOW,0,0,0,0,0,0,0,0,0,-1,0,0,0,0,Compass_MSM_407_BuoyBob,407
2023-08-29 08:00:00,108,12.88,-0.153,OKAY,LOW,0,0,0,0,0,0,0,0,0,-1,0,0,0,0,Compass_MSM_407_BuoyBob,407
2023-08-29 08:15:00,109,12.89,-0.144,OKAY,LOW,0,0,0,0,0,0,0,0,0,-1,0,0,0,0,Compass_MSM_407_BuoyBob,407
2023-08-29 08:30:00,110,12.88,-0.19,OKAY,LOW,0,0,0,0,0,0,0,0,0,-1,0,0,0,0,Compass_MSM_407_BuoyBob,407
2023-08-29 08:45:00,111,12.9,-0.16,OKAY,LOW,0,0,0,0,0,0,0,0,0,-1,0,0,0,0,Compass_MSM_407_BuoyBob,407
2023-08-29 09:00:00,112,13,-0.152,OKAY,LOW,0,0,0,0,0,0,0,0,0,-1,0,0,0,0,Compass_MSM_407_BuoyBob,407
2023-08-29 09:15:00,113,13.15,-0.152,OKAY,LOW,0,0,0,0,0,0,0,0,0,-1,0,0,0,0,Compass_MSM_407_BuoyBob,407
2023-08-29 09:30:00,114,13.24,-0.115,OKAY,LOW,0,0,0,0,0,0,0,0,0,-1,0,0,0,0,Compass_MSM_407_BuoyBob,407
2023-08-29 09:45:00,115,13.21,-0.113,OKAY,LOW,0,0,0,0,0,0,0,0,0,-1,0,0,0,0,Compass_MSM_407_BuoyBob,407
2023-08-29 10:00:00,116,13.23,-0.182,OKAY,LOW,0,0,0,0,0,0,0,0,0,-1,0,0,0,0,Compass_MSM_407_BuoyBob,407
2023-08-29 10:15:00,117,13.14,-0.137,OKAY,LOW,0,0,0,0,0,0,0,0,0,-1,0,0,0,0,Compass_MSM_407_BuoyBob,407
2023-08-29 10:30:00,118,13.18,-0.163,OKAY,LOW,0,0,0,0,0,0,0,0,0,-1,0,0,0,0,Compass_MSM_407_BuoyBob,407
2023-08-29 10:45:00,119,13.29,-0.186,OKAY,LOW,0,0,0,0,0,0,0,0,0,-1,0,0,0,0,Compass_MSM_407_BuoyBob,407
2023-08-29 11:00:00,120,13.35,-0.105,OKAY,LOW,0,0,0,0,0,0,0,0,0,-1,0,0,0,0,Compass_MSM_407_BuoyBob,407
2023-08-29 11:15:00,121,13.43,-0.138,OKAY,LOW,0,0,0,0,0,0,0,0,0,-1,0,0,0,0,Compass_MSM_407_BuoyBob,407
2023-08-29 11:30:00,122,13.31,-0.118,OKAY,LOW,0,0,0,0,0,0,0,0,0,-1,0,0,0,0,Compass_MSM_407_BuoyBob,407
2023-08-29 11:45:00,123,13.37,-0.128,OKAY,LOW,0,0,0,0,0,0,0,0,0,-1,0,0,0,0,Compass_MSM_407_BuoyBob,407
2023-08-29 12:00:00,124,13.43,-0.157,OKAY,LOW,0,0,0,0,0,0,0,0,0,-1,0,0,0,0,Compass_MSM_407_BuoyBob,407
2023-08-29 12:15:00,125,13.83,-0.139,OKAY,LOW,0,0,0,0,0,0,0,0,0,-1,0,0,0,0,Compass_MSM_407_BuoyBob,407
2023-08-29 12:30:00,126,13.38,-0.188,OKAY,LOW,0,0,0,0,0,0,0,0,0,-1,0,0,0,0,Compass_MSM_407_BuoyBob,407
2023-08-29 12:45:00,127,13.4,-0.166,OKAY,LOW,0,0,0,0,0,0,0,0,0,-1,0,0,0,0,Compass_MSM_407_BuoyBob,407
2023-08-29 13:00:00,128,13.5,-0.182,OKAY,LOW,0,0,0,0,0,0,0,0,0,-1,0,0,0,0,Compass_MSM_407_BuoyBob,407
2023-08-29 13:15:00,129,14,-0.163,OKAY,LOW,0,0,0,0,0,0,0,0,0,-1,0,0,0,0,Compass_MSM_407_BuoyBob,407
2023-08-29 13:30:00,130,14.01,-0.155,OKAY,LOW,0,0,0,0,0,0,0,0,0,-1,0,0,0,0,Compass_MSM_407_BuoyBob,407
2023-08-29 13:45:00,131,13.55,-0.161,OKAY,LOW,0,0,0,0,0,0,0,0,0,-1,0,0,0,0,Compass_MSM_407_BuoyBob,407
2023-08-29 14:00:00,132,13.61,-0.108,OKAY,LOW,0,0,0,0,0,0,0,0,0,-1,0,0,0,0,Compass_MSM_407_BuoyBob,407
2023-08-29 14:15:00,133,13.31,-0.144,OKAY,LOW,0,0,0,0,0,0,0,0,0,-1,0,0,0,0,Compass_MSM_407_BuoyBob,407
2023-08-29 14:30:00,134,13.33,-0.168,OKAY,LOW,0,0,0,0,0,0,0,0,0,-1,0,0,0,0,Compass_MSM_407_BuoyBob,407
2023-08-29 14:45:00,135,13.32,-0.136,OKAY,LOW,0,0,0,0,0,0,0,0,0,-1,0,0,0,0,Compass_MSM_407_BuoyBob,407
2023-08-29 15:00:00,136,13.31,-0.153,OKAY,LOW,0,0,0,0,0,0,0,0,0,-1,0,0,0,0,Compass_MSM_407_BuoyBob,407
2023-08-29 15:15:00,137,13.44,-0.132,OKAY,LOW,0,0,0,0,0,0,0,0,0,-1,0,0,0,0,Compass_MSM_407_BuoyBob,407
2023-08-29 15:30:00,138,13.39,-0.166,OKAY,LOW,0,0,0,0,0,0,0,0,0,-1,0,0,0,0,Compass_MSM_407_BuoyBob,407
2023-08-29 15:45:00,139,13.51,-0.156,OKAY,LOW,0,0,0,0,0,0,0,0,0,-1,0,0,0,0,Compass_MSM_407_BuoyBob,407
2023-08-29 16:00:00,140,13.31,-0.158,OKAY,LOW,0,0,0,0,0,0,0,0,0,-1,0,0,0,0,Compass_MSM_407_BuoyBob,407
2023-08-29 16:15:00,141,13.43,-0.16,OKAY,LOW,0,0,0,0,0,0,0,0,0,-1,0,0,0,0,Compass_MSM_407_BuoyBob,407
2023-08-29 16:30:00,142,13.38,-0.185,OKAY,LOW,0,0,0,0,0,0,0,0,0,-1,0,0,0,0,Compass_MSM_407_BuoyBob,407
2023-08-29 16:45:00,143,13.33,-0.132,OKAY,LOW,0,0,0,0,0,0,0,0,0,-1,0,0,0,0,Compass_MSM_407_BuoyBob,407
2023-08-29 17:00:00,144,13.28,-0.149,OKAY,LOW,0,0,0,0,0,0,0,0,0,-1,0,0,0,0,Compass_MSM_407_BuoyBob,407
2023-08-29 17:15:00,145,13.2,-0.156,OKAY,LOW,0,0,0,0,0,0,0,0,0,-1,0,0,0,0,Compass_MSM_407_BuoyBob,407
2023-08-29 17:30:00,146,13.27,-0.121,OKAY,LOW,0,0,0,0,0,0,0,0,0,-1,0,0,0,0,Compass_MSM_407_BuoyBob,407
2023-08-29 17:45:00,147,13.34,-0.196,OKAY,LOW,0,0,0,0,0,0,0,0,0,-1,0,0,0,0,Compass_MSM_407_BuoyBob,407
2023-08-29 18:00:00,148,13.37,-0.179,OKAY,LOW,0,0,0,0,0,0,0,0,0,-1,0,0,0,0,Compass_MSM_407_BuoyBob,407
2023-08-29 18:15:00,149,13.09,-0.163,OKAY,LOW,0,0,0,0,0,0,0,0,0,-1,0,0,0,0,Compass_MSM_407_BuoyBob,407
2023-08-29 18:30:00,150,13.02,-0.189,OKAY,LOW,0,0,0,0,0,0,0,0,0,-1,0,0,0,0,Compass_MSM_407_BuoyBob,407
2023-08-29 18:45:00,151,12.98,-0.189,OKAY,LOW,0,0,0,0,0,0,0,0,0,-1,0,0,0,0,Compass_MSM_407_BuoyBob,407
2023-08-29 19:00:00,152,12.96,-0.175,OKAY,LOW,0,0,0,0,0,0,0,0,0,-1,0,0,0,0,Compass_MSM_407_BuoyBob,407
2023-08-29 19:15:00,153,12.95,-0.156,OKAY,LOW,0,0,0,0,0,0,0,0,0,-1,0,0,0,0,Compass_MSM_407_BuoyBob,407
2023-08-29 19:30:00,154,12.94,-0.174,OKAY,LOW,0,0,0,0,0,0,0,0,0,-1,0,0,0,0,Compass_MSM_407_BuoyBob,407
2023-08-29 19:45:00,155,12.94,-0.191,OKAY,LOW,0,0,0,0,0,0,0,0,0,-1,0,0,0,0,Compass_MSM_407_BuoyBob,407
2023-08-29 20:00:00,156,12.93,-0.168,OKAY,LOW,0,0,0,0,0,0,0,0,0,-1,0,0,0,0,Compass_MSM_407_BuoyBob,407
2023-08-29 20:15:00,157,12.93,-0.138,OKAY,LOW,0,0,0,0,0,0,0,0,0,-1,0,0,0,0,Compass_MSM_407_BuoyBob,407
2023-08-29 20:30:00,158,12.92,-0.136,OKAY,LOW,0,0,0,0,0,0,0,0,0,-1,0,0,0,0,Compass_MSM_407_BuoyBob,407
2023-08-29 20:45:00,159,12.91,-0.182,OKAY,LOW,0,0,0,0,0,0,0,0,0,-1,0,0,0,0,Compass_MSM_407_BuoyBob,407
2023-08-29 21:00:00,160,12.91,-0.147,OKAY,LOW,0,0,0,0,0,0,0,0,0,-1,0,0,0,0,Compass_MSM_407_BuoyBob,407
2023-08-29 21:15:00,161,12.9,-0.188,OKAY,LOW,0,0,0,0,0,0,0,0,0,-1,0,0,0,0,Compass_MSM_407_BuoyBob,407
2023-08-29 21:30:00,162,12.9,-0.089,OKAY,LOW,0,0,0,0,0,0,0,0,0,-1,0,0,0,0,Compass_MSM_407_BuoyBob,407
2023-08-29 21:45:00,163,12.9,-0.173,OKAY,LOW,0,0,0,0,0,0,0,0,0,-1,0,0,0,0,Compass_MSM_407_BuoyBob,407
2023-08-29 22:00:00,164,12.89,-0.189,OKAY,LOW,0,0,0,0,0,0,0,0,0,-1,0,0,0,0,Compass_MSM_407_BuoyBob,407
2023-08-29 22:15:00,165,12.89,-0.161,OKAY,LOW,0,0,0,0,0,0,0,0,0,-1,0,0,0,0,Compass_MSM_407_BuoyBob,407
2023-08-29 22:30:00,166,12.89,-0.178,OKAY,LOW,0,0,0,0,0,0,0,0,0,-1,0,0,0,0,Compass_MSM_407_BuoyBob,407
2023-08-29 22:45:00,167,12.89,-0.146,OKAY,LOW,0,0,0,0,0,0,0,0,0,-1,0,0,0,0,Compass_MSM_407_BuoyBob,407
2023-08-29 23:00:00,168,12.89,-0.138,OKAY,LOW,0,0,0,0,0,0,0,0,0,-1,0,0,0,0,Compass_MSM_407_BuoyBob,407
2023-08-29 23:15:00,169,12.89,-0.18,OKAY,LOW,0,0,0,0,0,0,0,0,0,-1,0,0,0,0,Compass_MSM_407_BuoyBob,407
2023-08-29 23:30:00,170,12.88,-0.147,OKAY,LOW,0,0,0,0,0,0,0,0,0,-1,0,0,0,0,Compass_MSM_407_BuoyBob,407
2023-08-29 23:45:00,171,12.88,-0.135,OKAY,LOW,0,0,0,0,0,0,0,0,0,-1,0,0,0,0,Compass_MSM_407_BuoyBob,407
2023-08-30 00:00:00,172,12.88,-0.118,OKAY,LOW,0,0,0,0,0,0,0,0,0,-1,0,0,0,0,Compass_MSM_407_BuoyBob,407
2023-08-30 00:15:00,173,12.88,-0.162,OKAY,LOW,0,0,0,0,0,0,0,0,0,-1,0,0,0,0,Compass_MSM_407_BuoyBob,407
2023-08-30 00:30:00,174,12.87,-0.168,OKAY,LOW,0,0,0,0,0,0,0,0,0,-1,0,0,0,0,Compass_MSM_407_BuoyBob,407
2023-08-30 00:45:00,175,12.87,-0.146,OKAY,LOW,0,0,0,0,0,0,0,0,0,-1,0,0,0,0,Compass_MSM_407_BuoyBob,407
2023-08-30 01:00:00,176,12.87,-0.108,OKAY,LOW,0,0,0,0,0,0,0,0,0,-1,0,0,0,0,Compass_MSM_407_BuoyBob,407
2023-08-30 01:15:00,177,12.87,-0.159,OKAY,LOW,0,0,0,0,0,0,0,0,0,-1,0,0,0,0,Compass_MSM_407_BuoyBob,407
2023-08-30 01:30:00,178,12.86,-0.154,OKAY,LOW,0,0,0,0,0,0,0,0,0,-1,0,0,0,0,Compass_MSM_407_BuoyBob,407
2023-08-30 01:45:00,179,12.86,-0.172,OKAY,LOW,0,0,0,0,0,0,0,0,0,-1,0,0,0,0,Compass_MSM_407_BuoyBob,407
2023-08-30 02:00:00,180,12.86,-0.124,OKAY,LOW,0,0,0,0,0,0,0,0,0,-1,0,0,0,0,Compass_MSM_407_BuoyBob,407
2023-08-30 02:15:00,181,12.86,-0.165,OKAY,LOW,0,0,0,0,0,0,0,0,0,-1,0,0,0,0,Compass_MSM_407_BuoyBob,407
2023-08-30 02:30:00,182,12.85,-0.147,OKAY,LOW,0,0,0,0,0,0,0,0,0,-1,0,0,0,0,Compass_MSM_407_BuoyBob,407
2023-08-30 02:45:00,183,12.86,-0.157,OKAY,LOW,0,0,0,0,0,0,0,0,0,-1,0,0,0,0,Compass_MSM_407_BuoyBob,407
2023-08-30 03:00:00,184,12.85,-0.116,OKAY,LOW,0,0,0,0,0,0,0,0,0,-1,0,0,0,0,Compass_MSM_407_BuoyBob,407
2023-08-30 03:15:00,185,12.85,-0.139,OKAY,LOW,0,0,0,0,0,0,0,0,0,-1,0,0,0,0,Compass_MSM_407_BuoyBob,407
2023-08-30 03:30:00,186,12.85,-0.156,OKAY,LOW,0,0,0,0,0,0,0,0,0,-1,0,0,0,0,Compass_MSM_407_BuoyBob,407
2023-08-30 03:45:00,187,12.85,-0.122,OKAY,LOW,0,0,0,0,0,0,0,0,0,-1,0,0,0,0,Compass_MSM_407_BuoyBob,407
2023-08-30 04:00:00,188,12.84,-0.158,OKAY,LOW,0,0,0,0,0,0,0,0,0,-1,0,0,0,0,Compass_MSM_407_BuoyBob,407
2023-08-30 04:15:00,189,12.84,-0.145,OKAY,LOW,0,0,0,0,0,0,0,0,0,-1,0,0,0,0,Compass_MSM_407_BuoyBob,407
2023-08-30 04:30:00,190,12.84,-0.142,OKAY,LOW,0,0,0,0,0,0,0,0,0,-1,0,0,0,0,Compass_MSM_407_BuoyBob,407
2023-08-30 04:45:00,191,12.83,-0.137,OKAY,LOW,0,0,0,0,0,0,0,0,0,-1,0,0,0,0,Compass_MSM_407_BuoyBob,407
2023-08-30 05:00:00,192,12.83,-0.144,OKAY,LOW,0,0,0,0,0,0,0,0,0,-1,0,0,0,0,Compass_MSM_407_BuoyBob,407
2023-08-30 05:15:00,193,12.83,-0.146,OKAY,LOW,0,0,0,0,0,0,0,0,0,-1,0,0,0,0,Compass_MSM_407_BuoyBob,407
2023-08-30 05:30:00,194,12.83,-0.15,OKAY,LOW,0,0,0,0,0,0,0,0,0,-1,0,0,0,0,Compass_MSM_407_BuoyBob,407
2023-08-30 05:45:00,195,12.83,-0.159,OKAY,LOW,0,0,0,0,0,0,0,0,0,-1,0,0,0,0,Compass_MSM_407_BuoyBob,407
2023-08-30 06:00:00,196,12.84,-0.162,OKAY,LOW,0,0,0,0,0,0,0,0,0,-1,0,0,0,0,Compass_MSM_407_BuoyBob,407
2023-08-30 06:15:00,197,12.86,-0.131,OKAY,LOW,0,0,0,0,0,0,0,0,0,-1,0,0,0,0,Compass_MSM_407_BuoyBob,407
2023-08-30 06:30:00,198,12.89,-0.171,OKAY,LOW,0,0,0,0,0,0,0,0,0,-1,0,0,0,0,Compass_MSM_407_BuoyBob,407
2023-08-30 06:45:00,199,12.92,-0.134,OKAY,LOW,0,0,0,0,0,0,0,0,0,-1,0,0,0,0,Compass_MSM_407_BuoyBob,407
2023-08-30 07:00:00,200,12.95,-0.085,OKAY,LOW,0,0,0,0,0,0,0,0,0,-1,0,0,0,0,Compass_MSM_407_BuoyBob,407
2023-08-30 07:15:00,201,12.98,-0.167,OKAY,LOW,0,0,0,0,0,0,0,0,0,-1,0,0,0,0,Compass_MSM_407_BuoyBob,407
2023-08-30 07:30:00,202,13.17,-0.084,OKAY,LOW,0,0,0,0,0,0,0,0,0,-1,0,0,0,0,Compass_MSM_407_BuoyBob,407
2023-08-30 07:45:00,203,13.37,-0.122,OKAY,LOW,0,0,0,0,0,0,0,0,0,-1,0,0,0,0,Compass_MSM_407_BuoyBob,407
2023-08-30 08:00:00,204,13.22,-0.169,OKAY,LOW,0,0,0,0,0,0,0,0,0,-1,0,0,0,0,Compass_MSM_407_BuoyBob,407
2023-08-30 08:15:00,205,13.19,-0.16,OKAY,LOW,0,0,0,0,0,0,0,0,0,-1,0,0,0,0,Compass_MSM_407_BuoyBob,407
2023-08-30 08:30:00,206,13.29,-0.125,OKAY,LOW,0,0,0,0,0,0,0,0,0,-1,0,0,0,0,Compass_MSM_407_BuoyBob,407
2023-08-30 08:45:00,207,13.65,-0.148,OKAY,LOW,0,0,0,0,0,0,0,0,0,-1,0,0,0,0,Compass_MSM_407_BuoyBob,407
2023-08-30 09:00:00,208,14,-0.124,OKAY,LOW,0,0,0,0,0,0,0,0,0,-1,0,0,0,0,Compass_MSM_407_BuoyBob,407
2023-08-30 09:15:00,209,14.02,-0.142,OKAY,LOW,0,0,0,0,0,0,0,0,0,-1,0,0,0,0,Compass_MSM_407_BuoyBob,407
2023-08-30 09:30:00,210,14.03,-0.162,OKAY,LOW,0,0,0,0,0,0,0,0,0,-1,0,0,0,0,Compass_MSM_407_BuoyBob,407
2023-08-30 09:45:00,211,13.87,-0.168,OKAY,LOW,0,0,0,0,0,0,0,0,0,-1,0,0,0,0,Compass_MSM_407_BuoyBob,407
2023-08-30 10:00:00,212,13.92,-0.138,OKAY,LOW,0,0,0,0,0,0,0,0,0,-1,0,0,0,0,Compass_MSM_407_BuoyBob,407
2023-08-30 10:15:00,213,14.01,-0.158,OKAY,LOW,0,0,0,0,0,0,0,0,0,-1,0,0,0,0,Compass_MSM_407_BuoyBob,407
2023-08-30 10:30:00,214,13.91,-0.159,OKAY,LOW,0,0,0,0,0,0,0,0,0,-1,0,0,0,0,Compass_MSM_407_BuoyBob,407
2023-08-30 10:45:00,215,14.03,-0.181,OKAY,LOW,0,0,0,0,0,0,0,0,0,-1,0,0,0,0,Compass_MSM_407_BuoyBob,407
2023-08-30 11:00:00,216,13.51,-0.183,OKAY,LOW,0,0,0,0,0,0,0,0,0,-1,0,0,0,0,Compass_MSM_407_BuoyBob,407
2023-08-30 11:15:00,217,13.33,-0.151,OKAY,LOW,0,0,0,0,0,0,0,0,0,-1,0,0,0,0,Compass_MSM_407_BuoyBob,407
2023-08-30 11:30:00,218,13.48,-0.151,OKAY,LOW,0,0,0,0,0,0,0,0,0,-1,0,0,0,0,Compass_MSM_407_BuoyBob,407
2023-08-30 11:45:00,219,13.5,-0.126,OKAY,LOW,0,0,0,0,0,0,0,0,0,-1,0,0,0,0,Compass_MSM_407_BuoyBob,407
2023-08-30 12:00:00,220,13.33,-0.169,OKAY,LOW,0,0,0,0,0,0,0,0,0,-1,0,0,0,0,Compass_MSM_407_BuoyBob,407
2023-08-30 12:15:00,221,13.34,-0.107,OKAY,LOW,0,0,0,0,0,0,0,0,0,-1,0,0,0,0,Compass_MSM_407_BuoyBob,407
2023-08-30 12:30:00,222,13.33,-0.18,OKAY,LOW,0,0,0,0,0,0,0,0,0,-1,0,0,0,0,Compass_MSM_407_BuoyBob,407
2023-08-30 12:45:00,223,13.32,-0.137,OKAY,LOW,0,0,0,0,0,0,0,0,0,-1,0,0,0,0,Compass_MSM_407_BuoyBob,407
2023-08-30 13:00:00,224,13.32,-0.171,OKAY,LOW,0,0,0,0,0,0,0,0,0,-1,0,0,0,0,Compass_MSM_407_BuoyBob,407
2023-08-30 13:15:00,225,13.32,-0.175,OKAY,LOW,0,0,0,0,0,0,0,0,0,-1,0,0,0,0,Compass_MSM_407_BuoyBob,407
2023-08-30 13:30:00,226,13.45,-0.207,OKAY,LOW,0,0,0,0,0,0,0,0,0,-1,0,0,0,0,Compass_MSM_407_BuoyBob,407
2023-08-30 13:45:00,227,13.33,-0.161,OKAY,LOW,0,0,0,0,0,0,0,0,0,-1,0,0,0,0,Compass_MSM_407_BuoyBob,407
2023-08-30 14:00:00,228,13.32,-0.181,OKAY,LOW,0,0,0,0,0,0,0,0,0,-1,0,0,0,0,Compass_MSM_407_BuoyBob,407
2023-08-30 14:15:00,229,13.32,-0.171,OKAY,LOW,0,0,0,0,0,0,0,0,0,-1,0,0,0,0,Compass_MSM_407_BuoyBob,407
2023-08-30 14:30:00,230,13.52,-0.167,OKAY,LOW,0,0,0,0,0,0,0,0,0,-1,0,0,0,0,Compass_MSM_407_BuoyBob,407
2023-08-30 14:45:00,231,13.32,-0.158,OKAY,LOW,0,0,0,0,0,0,0,0,0,-1,0,0,0,0,Compass_MSM_407_BuoyBob,407
2023-08-30 15:00:00,232,13.32,-0.174,OKAY,LOW,0,0,0,0,0,0,0,0,0,-1,0,0,0,0,Compass_MSM_407_BuoyBob,407
2023-08-30 15:15:00,233,13.44,-0.099,OKAY,LOW,0,0,0,0,0,0,0,0,0,-1,0,0,0,0,Compass_MSM_407_BuoyBob,407
2023-08-30 15:30:00,234,13.33,-0.163,OKAY,LOW,0,0,0,0,0,0,0,0,0,-1,0,0,0,0,Compass_MSM_407_BuoyBob,407
2023-08-30 15:45:00,235,13.32,-0.182,OKAY,LOW,0,0,0,0,0,0,0,0,0,-1,0,0,0,0,Compass_MSM_407_BuoyBob,407
2023-08-30 16:00:00,236,13.32,-0.203,OKAY,LOW,0,0,0,0,0,0,0,0,0,-1,0,0,0,0,Compass_MSM_407_BuoyBob,407
2023-08-30 16:15:00,237,13.38,-0.185,OKAY,LOW,0,0,0,0,0,0,0,0,0,-1,0,0,0,0,Compass_MSM_407_BuoyBob,407
2023-08-30 16:30:00,238,13.39,-0.173,OKAY,LOW,0,0,0,0,0,0,0,0,0,-1,0,0,0,0,Compass_MSM_407_BuoyBob,407
2023-08-30 16:45:00,239,13.39,-0.18,OKAY,LOW,0,0,0,0,0,0,0,0,0,-1,0,0,0,0,Compass_MSM_407_BuoyBob,407
2023-08-30 17:00:00,240,13.37,-0.183,OKAY,LOW,0,0,0,0,0,0,0,0,0,-1,0,0,0,0,Compass_MSM_407_BuoyBob,407
2023-08-30 17:15:00,241,13.36,-0.194,OKAY,LOW,0,0,0,0,0,0,0,0,0,-1,0,0,0,0,Compass_MSM_407_BuoyBob,407
2023-08-30 17:30:00,242,13.3,-0.195,OKAY,LOW,0,0,0,0,0,0,0,0,0,-1,0,0,0,0,Compass_MSM_407_BuoyBob,407
2023-08-30 17:45:00,243,13.23,-0.177,OKAY,LOW,0,0,0,0,0,0,0,0,0,-1,0,0,0,0,Compass_MSM_407_BuoyBob,407
2023-08-30 18:00:00,244,13.13,-0.154,OKAY,LOW,0,0,0,0,0,0,0,0,0,-1,0,0,0,0,Compass_MSM_407_BuoyBob,407
2023-08-30 18:15:00,245,13.06,-0.198,OKAY,LOW,0,0,0,0,0,0,0,0,0,-1,0,0,0,0,Compass_MSM_407_BuoyBob,407
2023-08-30 18:30:00,246,13.01,-0.182,OKAY,LOW,0,0,0,0,0,0,0,0,0,-1,0,0,0,0,Compass_MSM_407_BuoyBob,407
2023-08-30 18:45:00,247,13,-0.173,OKAY,LOW,0,0,0,0,0,0,0,0,0,-1,0,0,0,0,Compass_MSM_407_BuoyBob,407
2023-08-30 19:00:00,248,12.99,-0.13,OKAY,LOW,0,0,0,0,0,0,0,0,0,-1,0,0,0,0,Compass_MSM_407_BuoyBob,407
2023-08-30 19:15:00,249,12.98,-0.201,OKAY,LOW,0,0,0,0,0,0,0,0,0,-1,0,0,0,0,Compass_MSM_407_BuoyBob,407
2023-08-30 19:30:00,250,12.97,-0.182,OKAY,LOW,0,0,0,0,0,0,0,0,0,-1,0,0,0,0,Compass_MSM_407_BuoyBob,407
2023-08-30 19:45:00,251,12.96,-0.18,OKAY,LOW,0,0,0,0,0,0,0,0,0,-1,0,0,0,0,Compass_MSM_407_BuoyBob,407
2023-08-30 20:00:00,252,12.96,-0.142,OKAY,LOW,0,0,0,0,0,0,0,0,0,-1,0,0,0,0,Compass_MSM_407_BuoyBob,407
2023-08-30 20:15:00,253,12.96,-0.163,OKAY,LOW,0,0,0,0,0,0,0,0,0,-1,0,0,0,0,Compass_MSM_407_BuoyBob,407
2023-08-30 20:30:00,254,12.95,-0.199,OKAY,LOW,0,0,0,0,0,0,0,0,0,-1,0,0,0,0,Compass_MSM_407_BuoyBob,407
2023-08-30 20:45:00,255,12.95,-0.151,OKAY,LOW,0,0,0,0,0,0,0,0,0,-1,0,0,0,0,Compass_MSM_407_BuoyBob,407
2023-08-30 21:00:00,256,12.94,-0.179,OKAY,LOW,0,0,0,0,0,0,0,0,0,-1,0,0,0,0,Compass_MSM_407_BuoyBob,407
2023-08-30 21:15:00,257,12.94,-0.207,OKAY,LOW,0,0,0,0,0,0,0,0,0,-1,0,0,0,0,Compass_MSM_407_BuoyBob,407
2023-08-30 21:30:00,258,12.94,-0.205,OKAY,LOW,0,0,0,0,0,0,0,0,0,-1,0,0,0,0,Compass_MSM_407_BuoyBob,407
2023-08-30 21:45:00,259,12.93,-0.13,OKAY,LOW,0,0,0,0,0,0,0,0,0,-1,0,0,0,0,Compass_MSM_407_BuoyBob,407
2023-08-30 22:00:00,260,12.93,-0.168,OKAY,LOW,0,0,0,0,0,0,0,0,0,-1,0,0,0,0,Compass_MSM_407_BuoyBob,407
2023-08-30 22:15:00,261,12.93,-0.143,OKAY,LOW,0,0,0,0,0,0,0,0,0,-1,0,0,0,0,Compass_MSM_407_BuoyBob,407
2023-08-30 22:30:00,262,12.93,-0.139,OKAY,LOW,0,0,0,0,0,0,0,0,0,-1,0,0,0,0,Compass_MSM_407_BuoyBob,407
2023-08-30 22:45:00,263,12.92,-0.181,OKAY,LOW,0,0,0,0,0,0,0,0,0,-1,0,0,0,0,Compass_MSM_407_BuoyBob,407
2023-08-30 23:00:00,264,12.92,-0.176,OKAY,LOW,0,0,0,0,0,0,0,0,0,-1,0,0,0,0,Compass_MSM_407_BuoyBob,407
2023-08-30 23:15:00,265,12.92,-0.172,OKAY,LOW,0,0,0,0,0,0,0,0,0,-1,0,0,0,0,Compass_MSM_407_BuoyBob,407
2023-08-30 23:30:00,266,12.91,-0.09,OKAY,LOW,0,0,0,0,0,0,0,0,0,-1,0,0,0,0,Compass_MSM_407_BuoyBob,407
2023-08-30 23:45:00,267,12.91,-0.164,OKAY,LOW,0,0,0,0,0,0,0,0,0,-1,0,0,0,0,Compass_MSM_407_BuoyBob,407
2023-08-31 00:00:00,268,12.91,-0.161,OKAY,LOW,0,0,0,0,0,0,0,0,0,-1,0,0,0,0,Compass_MSM_407_BuoyBob,407
2023-08-31 00:15:00,269,12.91,-0.17,OKAY,LOW,0,0,0,0,0,0,0,0,0,-1,0,0,0,0,Compass_MSM_407_BuoyBob,407
2023-08-31 00:30:00,270,12.91,-0.148,OKAY,LOW,0,0,0,0,0,0,0,0,0,-1,0,0,0,0,Compass_MSM_407_BuoyBob,407
2023-08-31 00:45:00,271,12.9,-0.165,OKAY,LOW,0,0,0,0,0,0,0,0,0,-1,0,0,0,0,Compass_MSM_407_BuoyBob,407
2023-08-31 01:00:00,272,12.9,-0.156,OKAY,LOW,0,0,0,0,0,0,0,0,0,-1,0,0,0,0,Compass_MSM_407_BuoyBob,407
2023-08-31 01:15:00,273,12.9,-0.192,OKAY,LOW,0,0,0,0,0,0,0,0,0,-1,0,0,0,0,Compass_MSM_407_BuoyBob,407
2023-08-31 01:30:00,274,12.9,-0.153,OKAY,LOW,0,0,0,0,0,0,0,0,0,-1,0,0,0,0,Compass_MSM_407_BuoyBob,407
2023-08-31 01:45:00,275,12.89,-0.167,OKAY,LOW,0,0,0,0,0,0,0,0,0,-1,0,0,0,0,Compass_MSM_407_BuoyBob,407
2023-08-31 02:00:00,276,12.9,-0.124,OKAY,LOW,0,0,0,0,0,0,0,0,0,-1,0,0,0,0,Compass_MSM_407_BuoyBob,407
2023-08-31 02:15:00,277,12.89,-0.183,OKAY,LOW,0,0,0,0,0,0,0,0,0,-1,0,0,0,0,Compass_MSM_407_BuoyBob,407
2023-08-31 02:30:00,278,12.89,-0.155,OKAY,LOW,0,0,0,0,0,0,0,0,0,-1,0,0,0,0,Compass_MSM_407_BuoyBob,407
2023-08-31 02:45:00,279,12.89,-0.147,OKAY,LOW,0,0,0,0,0,0,0,0,0,-1,0,0,0,0,Compass_MSM_407_BuoyBob,407
2023-08-31 03:00:00,280,12.88,-0.112,OKAY,LOW,0,0,0,0,0,0,0,0,0,-1,0,0,0,0,Compass_MSM_407_BuoyBob,407
2023-08-31 03:15:00,281,12.88,-0.143,OKAY,LOW,0,0,0,0,0,0,0,0,0,-1,0,0,0,0,Compass_MSM_407_BuoyBob,407
2023-08-31 03:30:00,282,12.88,-0.161,OKAY,LOW,0,0,0,0,0,0,0,0,0,-1,0,0,0,0,Compass_MSM_407_BuoyBob,407
2023-08-31 03:45:00,283,12.88,-0.11,OKAY,LOW,0,0,0,0,0,0,0,0,0,-1,0,0,0,0,Compass_MSM_407_BuoyBob,407
2023-08-31 04:00:00,284,12.88,-0.118,OKAY,LOW,0,0,0,0,0,0,0,0,0,-1,0,0,0,0,Compass_MSM_407_BuoyBob,407
2023-08-31 04:15:00,285,12.87,-0.121,OKAY,LOW,0,0,0,0,0,0,0,0,0,-1,0,0,0,0,Compass_MSM_407_BuoyBob,407
2023-08-31 04:30:00,286,12.87,-0.187,OKAY,LOW,0,0,0,0,0,0,0,0,0,-1,0,0,0,0,Compass_MSM_407_BuoyBob,407
2023-08-31 04:45:00,287,12.86,-0.121,OKAY,LOW,0,0,0,0,0,0,0,0,0,-1,0,0,0,0,Compass_MSM_407_BuoyBob,407
2023-08-31 05:00:00,288,12.86,-0.106,OKAY,LOW,0,0,0,0,0,0,0,0,0,-1,0,0,0,0,Compass_MSM_407_BuoyBob,407
2023-08-31 05:15:00,289,12.86,-0.115,OKAY,LOW,0,0,0,0,0,0,0,0,0,-1,0,0,0,0,Compass_MSM_407_BuoyBob,407
2023-08-31 05:30:00,290,12.86,-0.188,OKAY,LOW,0,0,0,0,0,0,0,0,0,-1,0,0,0,0,Compass_MSM_407_BuoyBob,407
2023-08-31 05:45:00,291,12.85,-0.086,OKAY,LOW,0,0,0,0,0,0,0,0,0,-1,0,0,0,0,Compass_MSM_407_BuoyBob,407
2023-08-31 06:00:00,292,12.86,-0.123,OKAY,LOW,0,0,0,0,0,0,0,0,0,-1,0,0,0,0,Compass_MSM_407_BuoyBob,407
2023-08-31 06:15:00,293,12.87,-0.165,OKAY,LOW,0,0,0,0,0,0,0,0,0,-1,0,0,0,0,Compass_MSM_407_BuoyBob,407
2023-08-31 06:30:00,294,12.87,-0.151,OKAY,LOW,0,0,0,0,0,0,0,0,0,-1,0,0,0,0,Compass_MSM_407_BuoyBob,407
2023-08-31 06:45:00,295,12.9,-0.169,OKAY,LOW,0,0,0,0,0,0,0,0,0,-1,0,0,0,0,Compass_MSM_407_BuoyBob,407
2023-08-31 07:00:00,296,12.96,-0.064,OKAY,LOW,0,0,0,0,0,0,0,0,0,-1,0,0,0,0,Compass_MSM_407_BuoyBob,407
2023-08-31 07:15:00,297,13.01,-0.151,OKAY,LOW,0,0,0,0,0,0,0,0,0,-1,0,0,0,0,Compass_MSM_407_BuoyBob,407
2023-08-31 07:30:00,298,13.09,-0.128,OKAY,LOW,0,0,0,0,0,0,0,0,0,-1,0,0,0,0,Compass_MSM_407_BuoyBob,407
2023-08-31 07:45:00,299,13.18,-0.12,OKAY,LOW,0,0,0,0,0,0,0,0,0,-1,0,0,0,0,Compass_MSM_407_BuoyBob,407
2023-08-31 08:00:00,300,13.26,-0.115,OKAY,LOW,0,0,0,0,0,0,0,0,0,-1,0,0,0,0,Compass_MSM_407_BuoyBob,407
2023-08-31 08:15:00,301,13.29,-0.144,OKAY,LOW,0,0,0,0,0,0,0,0,0,-1,0,0,0,0,Compass_MSM_407_BuoyBob,407
2023-08-31 08:30:00,302,13.35,-0.147,OKAY,LOW,0,0,0,0,0,0,0,0,0,-1,0,0,0,0,Compass_MSM_407_BuoyBob,407
2023-08-31 08:45:00,303,13.53,-0.106,OKAY,LOW,0,0,0,0,0,0,0,0,0,-1,0,0,0,0,Compass_MSM_407_BuoyBob,407
2023-08-31 09:00:00,304,13.43,-0.104,OKAY,LOW,0,0,0,0,0,0,0,0,0,-1,0,0,0,0,Compass_MSM_407_BuoyBob,407
2023-08-31 09:15:00,305,13.48,-0.157,OKAY,LOW,0,0,0,0,0,0,0,0,0,-1,0,0,0,0,Compass_MSM_407_BuoyBob,407
2023-08-31 09:30:00,306,13.56,-0.114,OKAY,LOW,0,0,0,0,0,0,0,0,0,-1,0,0,0,0,Compass_MSM_407_BuoyBob,407
2023-08-31 09:45:00,307,13.62,-0.136,OKAY,LOW,0,0,0,0,0,0,0,0,0,-1,0,0,0,0,Compass_MSM_407_BuoyBob,407
2023-08-31 10:00:00,308,14.08,-0.093,OKAY,LOW,0,0,0,0,0,0,0,0,0,-1,0,0,0,0,Compass_MSM_407_BuoyBob,407
2023-08-31 10:15:00,309,13.99,-0.1,OKAY,LOW,0,0,0,0,0,0,0,0,0,-1,0,0,0,0,Compass_MSM_407_BuoyBob,407
2023-08-31 10:30:00,310,14.1,-0.105,OKAY,LOW,0,0,0,0,0,0,0,0,0,-1,0,0,0,0,Compass_MSM_407_BuoyBob,407
2023-08-31 10:45:00,311,13.98,-0.153,OKAY,LOW,0,0,0,0,0,0,0,0,0,-1,0,0,0,0,Compass_MSM_407_BuoyBob,407
2023-08-31 11:00:00,312,13.96,-0.134,OKAY,LOW,0,0,0,0,0,0,0,0,0,-1,0,0,0,0,Compass_MSM_407_BuoyBob,407
2023-08-31 11:15:00,313,14.09,-0.176,OKAY,LOW,0,0,0,0,0,0,0,0,0,-1,0,0,0,0,Compass_MSM_407_BuoyBob,407
2023-08-31 11:30:00,314,14,-0.146,OKAY,LOW,0,0,0,0,0,0,0,0,0,-1,0,0,0,0,Compass_MSM_407_BuoyBob,407
2023-08-31 11:45:00,315,13.97,-0.138,OKAY,LOW,0,0,0,0,0,0,0,0,0,-1,0,0,0,0,Compass_MSM_407_BuoyBob,407
2023-08-31 12:00:00,316,13.42,-0.071,OKAY,LOW,0,0,0,0,0,0,0,0,0,-1,0,0,0,0,Compass_MSM_407_BuoyBob,407
2023-08-31 12:15:00,317,13.4,-0.09,OKAY,LOW,0,0,0,0,0,0,0,0,0,-1,0,0,0,0,Compass_MSM_407_BuoyBob,407
2023-08-31 12:30:00,318,13.39,-0.147,OKAY,LOW,0,0,0,0,0,0,0,0,0,-1,0,0,0,0,Compass_MSM_407_BuoyBob,407
2023-08-31 12:45:00,319,13.4,-0.104,OKAY,LOW,0,0,0,0,0,0,0,0,0,-1,0,0,0,0,Compass_MSM_407_BuoyBob,407
2023-08-31 13:00:00,320,13.4,-0.146,OKAY,LOW,0,0,0,0,0,0,0,0,0,-1,0,0,0,0,Compass_MSM_407_BuoyBob,407
2023-08-31 13:15:00,321,13.39,-0.105,OKAY,LOW,0,0,0,0,0,0,0,0,0,-1,0,0,0,0,Compass_MSM_407_BuoyBob,407
2023-08-31 13:30:00,322,13.56,-0.148,OKAY,LOW,0,0,0,0,0,0,0,0,0,-1,0,0,0,0,Compass_MSM_407_BuoyBob,407
2023-08-31 13:45:00,323,13.4,-0.15,OKAY,LOW,0,0,0,0,0,0,0,0,0,-1,0,0,0,0,Compass_MSM_407_BuoyBob,407
2023-08-31 14:00:00,324,13.4,-0.151,OKAY,LOW,0,0,0,0,0,0,0,0,0,-1,0,0,0,0,Compass_MSM_407_BuoyBob,407
2023-08-31 14:15:00,325,13.4,-0.136,OKAY,LOW,0,0,0,0,0,0,0,0,0,-1,0,0,0,0,Compass_MSM_407_BuoyBob,407
2023-08-31 14:30:00,326,13.39,-0.157,OKAY,LOW,0,0,0,0,0,0,0,0,0,-1,0,0,0,0,Compass_MSM_407_BuoyBob,407
2023-08-31 14:45:00,327,13.47,-0.158,OKAY,LOW,0,0,0,0,0,0,0,0,0,-1,0,0,0,0,Compass_MSM_407_BuoyBob,407
2023-08-31 15:00:00,328,13.41,-0.09,OKAY,LOW,0,0,0,0,0,0,0,0,0,-1,0,0,0,0,Compass_MSM_407_BuoyBob,407
2023-08-31 15:15:00,329,13.4,-0.11,OKAY,LOW,0,0,0,0,0,0,0,0,0,-1,0,0,0,0,Compass_MSM_407_BuoyBob,407
2023-08-31 15:30:00,330,13.4,-0.112,OKAY,LOW,0,0,0,0,0,0,0,0,0,-1,0,0,0,0,Compass_MSM_407_BuoyBob,407
2023-08-31 15:45:00,331,13.39,-0.148,OKAY,LOW,0,0,0,0,0,0,0,0,0,-1,0,0,0,0,Compass_MSM_407_BuoyBob,407
2023-08-31 16:00:00,332,13.56,-0.154,OKAY,LOW,0,0,0,0,0,0,0,0,0,-1,0,0,0,0,Compass_MSM_407_BuoyBob,407
2023-08-31 16:15:00,333,13.39,-0.153,OKAY,LOW,0,0,0,0,0,0,0,0,0,-1,0,0,0,0,Compass_MSM_407_BuoyBob,407
2023-08-31 16:30:00,334,13.55,-0.156,OKAY,LOW,0,0,0,0,0,0,0,0,0,-1,0,0,0,0,Compass_MSM_407_BuoyBob,407
2023-08-31 16:45:00,335,13.4,-0.127,OKAY,LOW,0,0,0,0,0,0,0,0,0,-1,0,0,0,0,Compass_MSM_407_BuoyBob,407
2023-08-31 17:00:00,336,13.4,-0.093,OKAY,LOW,0,0,0,0,0,0,0,0,0,-1,0,0,0,0,Compass_MSM_407_BuoyBob,407
2023-08-31 17:15:00,337,13.39,-0.141,OKAY,LOW,0,0,0,0,0,0,0,0,0,-1,0,0,0,0,Compass_MSM_407_BuoyBob,407
2023-08-31 17:30:00,338,13.52,-0.179,OKAY,LOW,0,0,0,0,0,0,0,0,0,-1,0,0,0,0,Compass_MSM_407_BuoyBob,407
2023-08-31 17:45:00,339,13.4,-0.111,OKAY,LOW,0,0,0,0,0,0,0,0,0,-1,0,0,0,0,Compass_MSM_407_BuoyBob,407
2023-08-31 18:00:00,340,13.46,-0.156,OKAY,LOW,0,0,0,0,0,0,0,0,0,-1,0,0,0,0,Compass_MSM_407_BuoyBob,407
2023-08-31 18:15:00,341,13.4,-0.111,OKAY,LOW,0,0,0,0,0,0,0,0,0,-1,0,0,0,0,Compass_MSM_407_BuoyBob,407
2023-08-31 18:30:00,342,13.27,-0.102,OKAY,LOW,0,0,0,0,0,0,0,0,0,-1,0,0,0,0,Compass_MSM_407_BuoyBob,407
2023-08-31 18:45:00,343,13.09,-0.114,OKAY,LOW,0,0,0,0,0,0,0,0,0,-1,0,0,0,0,Compass_MSM_407_BuoyBob,407
2023-08-31 19:00:00,344,13.04,-0.098,OKAY,LOW,0,0,0,0,0,0,0,0,0,-1,0,0,0,0,Compass_MSM_407_BuoyBob,407
2023-08-31 19:15:00,345,13.01,-0.143,OKAY,LOW,0,0,0,0,0,0,0,0,0,-1,0,0,0,0,Compass_MSM_407_BuoyBob,407
2023-08-31 19:30:00,346,13,-0.172,OKAY,LOW,0,0,0,0,0,0,0,0,0,-1,0,0,0,0,Compass_MSM_407_BuoyBob,407
2023-08-31 19:45:00,347,12.99,-0.161,OKAY,LOW,0,0,0,0,0,0,0,0,0,-1,0,0,0,0,Compass_MSM_407_BuoyBob,407
2023-08-31 20:00:00,348,12.98,-0.115,OKAY,LOW,0,0,0,0,0,0,0,0,0,-1,0,0,0,0,Compass_MSM_407_BuoyBob,407
2023-08-31 20:15:00,349,12.98,-0.143,OKAY,LOW,0,0,0,0,0,0,0,0,0,-1,0,0,0,0,Compass_MSM_407_BuoyBob,407
2023-08-31 20:30:00,350,12.97,-0.149,OKAY,LOW,0,0,0,0,0,0,0,0,0,-1,0,0,0,0,Compass_MSM_407_BuoyBob,407
2023-08-31 20:45:00,351,12.97,-0.132,OKAY,LOW,0,0,0,0,0,0,0,0,0,-1,0,0,0,0,Compass_MSM_407_BuoyBob,407
2023-08-31 21:00:00,352,12.96,-0.142,OKAY,LOW,0,0,0,0,0,0,0,0,0,-1,0,0,0,0,Compass_MSM_407_BuoyBob,407
2023-08-31 21:15:00,353,12.96,-0.137,OKAY,LOW,0,0,0,0,0,0,0,0,0,-1,0,0,0,0,Compass_MSM_407_BuoyBob,407
2023-08-31 21:30:00,354,12.96,-0.133,OKAY,LOW,0,0,0,0,0,0,0,0,0,-1,0,0,0,0,Compass_MSM_407_BuoyBob,407
2023-08-31 21:45:00,355,12.95,-0.16,OKAY,LOW,0,0,0,0,0,0,0,0,0,-1,0,0,0,0,Compass_MSM_407_BuoyBob,407
2023-08-31 22:00:00,356,12.95,-0.156,OKAY,LOW,0,0,0,0,0,0,0,0,0,-1,0,0,0,0,Compass_MSM_407_BuoyBob,407
2023-08-31 22:15:00,357,12.95,-0.158,OKAY,LOW,0,0,0,0,0,0,0,0,0,-1,0,0,0,0,Compass_MSM_407_BuoyBob,407
2023-08-31 22:30:00,358,12.94,-0.143,OKAY,LOW,0,0,0,0,0,0,0,0,0,-1,0,0,0,0,Compass_MSM_407_BuoyBob,407
2023-08-31 22:45:00,359,12.93,-0.157,OKAY,LOW,0,0,0,0,0,0,0,0,0,-1,0,0,0,0,Compass_MSM_407_BuoyBob,407
2023-08-31 23:00:00,360,12.93,-0.132,OKAY,LOW,0,0,0,0,0,0,0,0,0,-1,0,0,0,0,Compass_MSM_407_BuoyBob,407
2023-08-31 23:15:00,361,12.92,-0.122,OKAY,LOW,0,0,0,0,0,0,0,0,0,-1,0,0,0,0,Compass_MSM_407_BuoyBob,407
2023-08-31 23:30:00,362,12.92,-0.071,OKAY,LOW,0,0,0,0,0,0,0,0,0,-1,0,0,0,0,Compass_MSM_407_BuoyBob,407
2023-08-31 23:45:00,363,12.92,-0.15,OKAY,LOW,0,0,0,0,0,0,0,0,0,-1,0,0,0,0,Compass_MSM_407_BuoyBob,407
2023-09-01 00:00:00,364,12.92,-0.117,OKAY,LOW,0,0,0,0,0,0,0,0,0,-1,0,0,0,0,Compass_MSM_407_BuoyBob,407
2023-09-01 00:15:00,365,12.91,-0.147,OKAY,LOW,0,0,0,0,0,0,0,0,0,-1,0,0,0,0,Compass_MSM_407_BuoyBob,407
2023-09-01 00:30:00,366,12.91,-0.178,OKAY,LOW,0,0,0,0,0,0,0,0,0,-1,0,0,0,0,Compass_MSM_407_BuoyBob,407
2023-09-01 00:45:00,367,12.91,-0.142,OKAY,LOW,0,0,0,0,0,0,0,0,0,-1,0,0,0,0,Compass_MSM_407_BuoyBob,407
2023-09-01 01:00:00,368,12.91,-0.126,OKAY,LOW,0,0,0,0,0,0,0,0,0,-1,0,0,0,0,Compass_MSM_407_BuoyBob,407
2023-09-01 01:15:00,369,12.9,-0.151,OKAY,LOW,0,0,0,0,0,0,0,0,0,-1,0,0,0,0,Compass_MSM_407_BuoyBob,407
2023-09-01 01:30:00,370,12.9,-0.157,OKAY,LOW,0,0,0,0,0,0,0,0,0,-1,0,0,0,0,Compass_MSM_407_BuoyBob,407
2023-09-01 01:45:00,371,12.9,-0.152,OKAY,LOW,0,0,0,0,0,0,0,0,0,-1,0,0,0,0,Compass_MSM_407_BuoyBob,407
2023-09-01 02:00:00,372,12.89,-0.15,OKAY,LOW,0,0,0,0,0,0,0,0,0,-1,0,0,0,0,Compass_MSM_407_BuoyBob,407
2023-09-01 02:15:00,373,12.89,-0.129,OKAY,LOW,0,0,0,0,0,0,0,0,0,-1,0,0,0,0,Compass_MSM_407_BuoyBob,407
2023-09-01 02:30:00,374,12.89,-0.162,OKAY,LOW,0,0,0,0,0,0,0,0,0,-1,0,0,0,0,Compass_MSM_407_BuoyBob,407
2023-09-01 02:45:00,375,12.89,-0.126,OKAY,LOW,0,0,0,0,0,0,0,0,0,-1,0,0,0,0,Compass_MSM_407_BuoyBob,407
2023-09-01 03:00:00,376,12.88,-0.167,OKAY,LOW,0,0,0,0,0,0,0,0,0,-1,0,0,0,0,Compass_MSM_407_BuoyBob,407
2023-09-01 03:15:00,377,12.88,-0.099,OKAY,LOW,0,0,0,0,0,0,0,0,0,-1,0,0,0,0,Compass_MSM_407_BuoyBob,407
2023-09-01 03:30:00,378,12.88,-0.152,OKAY,LOW,0,0,0,0,0,0,0,0,0,-1,0,0,0,0,Compass_MSM_407_BuoyBob,407
2023-09-01 03:45:00,379,12.87,-0.138,OKAY,LOW,0,0,0,0,0,0,0,0,0,-1,0,0,0,0,Compass_MSM_407_BuoyBob,407
2023-09-01 04:00:00,380,12.87,-0.112,OKAY,LOW,0,0,0,0,0,0,0,0,0,-1,0,0,0,0,Compass_MSM_407_BuoyBob,407
2023-09-01 04:15:00,381,12.87,-0.09,OKAY,LOW,0,0,0,0,0,0,0,0,0,-1,0,0,0,0,Compass_MSM_407_BuoyBob,407
2023-09-01 04:30:00,382,12.86,-0.146,OKAY,LOW,0,0,0,0,0,0,0,0,0,-1,0,0,0,0,Compass_MSM_407_BuoyBob,407
2023-09-01 04:45:00,383,12.86,-0.087,OKAY,LOW,0,0,0,0,0,0,0,0,0,-1,0,0,0,0,Compass_MSM_407_BuoyBob,407
2023-09-01 05:00:00,384,12.86,-0.09,OKAY,LOW,0,0,0,0,0,0,0,0,0,-1,0,0,0,0,Compass_MSM_407_BuoyBob,407
2023-09-01 05:15:00,385,12.85,-0.182,OKAY,LOW,0,0,0,0,0,0,0,0,0,-1,0,0,0,0,Compass_MSM_407_BuoyBob,407
2023-09-01 05:30:00,386,12.85,-0.168,OKAY,LOW,0,0,0,0,0,0,0,0,0,-1,0,0,0,0,Compass_MSM_407_BuoyBob,407
2023-09-01 05:45:00,387,12.91,-0.126,OKAY,LOW,0,0,0,0,0,0,0,0,0,-1,0,0,0,0,Compass_MSM_407_BuoyBob,407
2023-09-01 06:00:00,388,13.26,-0.147,OKAY,LOW,0,0,0,0,0,0,0,0,0,-1,0,0,0,0,Compass_MSM_407_BuoyBob,407
2023-09-01 06:15:00,389,13.74,-0.117,OKAY,LOW,0,0,0,0,0,0,0,0,0,-1,0,0,0,0,Compass_MSM_407_BuoyBob,407
2023-09-01 06:30:00,390,14.05,-0.133,OKAY,LOW,0,0,0,0,0,0,0,0,0,-1,0,0,0,0,Compass_MSM_407_BuoyBob,407
2023-09-01 06:45:00,391,14.09,-0.106,OKAY,LOW,0,0,0,0,0,0,0,0,0,-1,0,0,0,0,Compass_MSM_407_BuoyBob,407
2023-09-01 07:00:00,392,13.98,-0.122,OKAY,LOW,0,0,0,0,0,0,0,0,0,-1,0,0,0,0,Compass_MSM_407_BuoyBob,407
2023-09-01 07:15:00,393,13.98,-0.145,OKAY,LOW,0,0,0,0,0,0,0,0,0,-1,0,0,0,0,Compass_MSM_407_BuoyBob,407
2023-09-01 07:30:00,394,14.13,-0.083,OKAY,LOW,0,0,0,0,0,0,0,0,0,-1,0,0,0,0,Compass_MSM_407_BuoyBob,407
2023-09-01 07:45:00,395,14.14,-0.116,OKAY,LOW,0,0,0,0,0,0,0,0,0,-1,0,0,0,0,Compass_MSM_407_BuoyBob,407
2023-09-01 08:00:00,396,14.15,-0.17,OKAY,LOW,0,0,0,0,0,0,0,0,0,-1,0,0,0,0,Compass_MSM_407_BuoyBob,407
2023-09-01 08:15:00,397,14.17,-0.142,OKAY,LOW,0,0,0,0,0,0,0,0,0,-1,0,0,0,0,Compass_MSM_407_BuoyBob,407
2023-09-01 08:30:00,398,13.44,-0.133,OKAY,LOW,0,0,0,0,0,0,0,0,0,-1,0,0,0,0,Compass_MSM_407_BuoyBob,407
2023-09-01 08:45:00,399,13.44,-0.105,OKAY,LOW,0,0,0,0,0,0,0,0,0,-1,0,0,0,0,Compass_MSM_407_BuoyBob,407
2023-09-01 09:00:00,400,13.43,-0.166,OKAY,LOW,0,0,0,0,0,0,0,0,0,-1,0,0,0,0,Compass_MSM_407_BuoyBob,407
2023-09-01 09:15:00,401,13.61,-0.091,OKAY,LOW,0,0,0,0,0,0,0,0,0,-1,0,0,0,0,Compass_MSM_407_BuoyBob,407
2023-09-01 09:30:00,402,13.44,-0.095,OKAY,LOW,0,0,0,0,0,0,0,0,0,-1,0,0,0,0,Compass_MSM_407_BuoyBob,407
2023-09-01 09:45:00,403,13.59,-0.121,OKAY,LOW,0,0,0,0,0,0,0,0,0,-1,0,0,0,0,Compass_MSM_407_BuoyBob,407
2023-09-01 10:00:00,404,13.44,-0.117,OKAY,LOW,0,0,0,0,0,0,0,0,0,-1,0,0,0,0,Compass_MSM_407_BuoyBob,407
2023-09-01 10:15:00,405,13.43,-0.157,OKAY,LOW,0,0,0,0,0,0,0,0,0,-1,0,0,0,0,Compass_MSM_407_BuoyBob,407
2023-09-01 10:30:00,406,13.45,-0.128,OKAY,LOW,0,0,0,0,0,0,0,0,0,-1,0,0,0,0,Compass_MSM_407_BuoyBob,407
2023-09-01 10:45:00,407,13.44,-0.111,OKAY,LOW,0,0,0,0,0,0,0,0,0,-1,0,0,0,0,Compass_MSM_407_BuoyBob,407
2023-09-01 11:00:00,408,13.43,-0.147,OKAY,LOW,0,0,0,0,0,0,0,0,0,-1,0,0,0,0,Compass_MSM_407_BuoyBob,407
2023-09-01 11:15:00,409,13.43,-0.133,OKAY,LOW,0,0,0,0,0,0,0,0,0,-1,0,0,0,0,Compass_MSM_407_BuoyBob,407
2023-09-01 11:30:00,410,13.42,-0.14,OKAY,LOW,0,0,0,0,0,0,0,0,0,-1,0,0,0,0,Compass_MSM_407_BuoyBob,407
2023-09-01 11:45:00,411,13.57,-0.128,OKAY,LOW,0,0,0,0,0,0,0,0,0,-1,0,0,0,0,Compass_MSM_407_BuoyBob,407
2023-09-01 12:00:00,412,13.42,-0.165,OKAY,LOW,0,0,0,0,0,0,0,0,0,-1,0,0,0,0,Compass_MSM_407_BuoyBob,407
2023-09-01 12:15:00,413,13.42,-0.106,OKAY,LOW,0,0,0,0,0,0,0,0,0,-1,0,0,0,0,Compass_MSM_407_BuoyBob,407
2023-09-01 12:30:00,414,13.43,-0.108,OKAY,LOW,0,0,0,0,0,0,0,0,0,-1,0,0,0,0,Compass_MSM_407_BuoyBob,407
2023-09-01 12:45:00,415,13.42,-0.079,OKAY,LOW,0,0,0,0,0,0,0,0,0,-1,0,0,0,0,Compass_MSM_407_BuoyBob,407
2023-09-01 13:00:00,416,13.42,-0.129,OKAY,LOW,0,0,0,0,0,0,0,0,0,-1,0,0,0,0,Compass_MSM_407_BuoyBob,407
2023-09-01 13:15:00,417,13.41,-0.116,OKAY,LOW,0,0,0,0,0,0,0,0,0,-1,0,0,0,0,Compass_MSM_407_BuoyBob,407
2023-09-01 13:30:00,418,13.4,-0.131,OKAY,LOW,0,0,0,0,0,0,0,0,0,-1,0,0,0,0,Compass_MSM_407_BuoyBob,407
2023-09-01 13:45:00,419,13.56,-0.134,OKAY,LOW,0,0,0,0,0,0,0,0,0,-1,0,0,0,0,Compass_MSM_407_BuoyBob,407
2023-09-01 14:00:00,420,13.41,-0.115,OKAY,LOW,0,0,0,0,0,0,0,0,0,-1,0,0,0,0,Compass_MSM_407_BuoyBob,407
2023-09-01 14:15:00,421,13.39,-0.098,OKAY,LOW,0,0,0,0,0,0,0,0,0,-1,0,0,0,0,Compass_MSM_407_BuoyBob,407
2023-09-01 14:30:00,422,13.38,-0.117,OKAY,LOW,0,0,0,0,0,0,0,0,0,-1,0,0,0,0,Compass_MSM_407_BuoyBob,407
2023-09-01 14:45:00,423,13.38,-0.125,OKAY,LOW,0,0,0,0,0,0,0,0,0,-1,0,0,0,0,Compass_MSM_407_BuoyBob,407
2023-09-01 15:00:00,424,13.39,-0.164,OKAY,LOW,0,0,0,0,0,0,0,0,0,-1,0,0,0,0,Compass_MSM_407_BuoyBob,407
2023-09-01 15:15:00,425,13.38,-0.162,OKAY,LOW,0,0,0,0,0,0,0,0,0,-1,0,0,0,0,Compass_MSM_407_BuoyBob,407
2023-09-01 15:30:00,426,13.38,-0.159,OKAY,LOW,0,0,0,0,0,0,0,0,0,-1,0,0,0,0,Compass_MSM_407_BuoyBob,407
2023-09-01 15:45:00,427,13.38,-0.122,OKAY,LOW,0,0,0,0,0,0,0,0,0,-1,0,0,0,0,Compass_MSM_407_BuoyBob,407
2023-09-01 16:00:00,428,13.56,-0.132,OKAY,LOW,0,0,0,0,0,0,0,0,0,-1,0,0,0,0,Compass_MSM_407_BuoyBob,407
2023-09-01 16:15:00,429,13.38,-0.149,OKAY,LOW,0,0,0,0,0,0,0,0,0,-1,0,0,0,0,Compass_MSM_407_BuoyBob,407
2023-09-01 16:30:00,430,13.39,-0.163,OKAY,LOW,0,0,0,0,0,0,0,0,0,-1,0,0,0,0,Compass_MSM_407_BuoyBob,407
2023-09-01 16:45:00,431,13.38,-0.142,OKAY,LOW,0,0,0,0,0,0,0,0,0,-1,0,0,0,0,Compass_MSM_407_BuoyBob,407
2023-09-01 17:00:00,432,13.38,-0.149,OKAY,LOW,0,0,0,0,0,0,0,0,0,-1,0,0,0,0,Compass_MSM_407_BuoyBob,407
2023-09-01 17:15:00,433,13.38,-0.128,OKAY,LOW,0,0,0,0,0,0,0,0,0,-1,0,0,0,0,Compass_MSM_407_BuoyBob,407
2023-09-01 17:30:00,434,13.38,-0.124,OKAY,LOW,0,0,0,0,0,0,0,0,0,-1,0,0,0,0,Compass_MSM_407_BuoyBob,407
2023-09-01 17:45:00,435,13.47,-0.108,OKAY,LOW,0,0,0,0,0,0,0,0,0,-1,0,0,0,0,Compass_MSM_407_BuoyBob,407
2023-09-01 18:00:00,436,13.45,-0.132,OKAY,LOW,0,0,0,0,0,0,0,0,0,-1,0,0,0,0,Compass_MSM_407_BuoyBob,407
2023-09-01 18:15:00,437,13.44,-0.168,OKAY,LOW,0,0,0,0,0,0,0,0,0,-1,0,0,0,0,Compass_MSM_407_BuoyBob,407
2023-09-01 18:30:00,438,13.23,-0.174,OKAY,LOW,0,0,0,0,0,0,0,0,0,-1,0,0,0,0,Compass_MSM_407_BuoyBob,407
2023-09-01 18:45:00,439,13.06,-0.154,OKAY,LOW,0,0,0,0,0,0,0,0,0,-1,0,0,0,0,Compass_MSM_407_BuoyBob,407
2023-09-01 19:00:00,440,13.02,-0.172,OKAY,LOW,0,0,0,0,0,0,0,0,0,-1,0,0,0,0,Compass_MSM_407_BuoyBob,407
2023-09-01 19:15:00,441,13.01,-0.161,OKAY,LOW,0,0,0,0,0,0,0,0,0,-1,0,0,0,0,Compass_MSM_407_BuoyBob,407
2023-09-01 19:30:00,442,13,-0.137,OKAY,LOW,0,0,0,0,0,0,0,0,0,-1,0,0,0,0,Compass_MSM_407_BuoyBob,407
2023-09-01 19:45:00,443,12.99,-0.149,OKAY,LOW,0,0,0,0,0,0,0,0,0,-1,0,0,0,0,Compass_MSM_407_BuoyBob,407
2023-09-01 20:00:00,444,12.98,-0.156,OKAY,LOW,0,0,0,0,0,0,0,0,0,-1,0,0,0,0,Compass_MSM_407_BuoyBob,407
2023-09-01 20:15:00,445,12.97,-0.116,OKAY,LOW,0,0,0,0,0,0,0,0,0,-1,0,0,0,0,Compass_MSM_407_BuoyBob,407
2023-09-01 20:30:00,446,12.97,-0.149,OKAY,LOW,0,0,0,0,0,0,0,0,0,-1,0,0,0,0,Compass_MSM_407_BuoyBob,407
2023-09-01 20:45:00,447,12.96,-0.16,OKAY,LOW,0,0,0,0,0,0,0,0,0,-1,0,0,0,0,Compass_MSM_407_BuoyBob,407
2023-09-01 21:00:00,448,12.96,-0.159,OKAY,LOW,0,0,0,0,0,0,0,0,0,-1,0,0,0,0,Compass_MSM_407_BuoyBob,407
2023-09-01 21:15:00,449,12.95,-0.139,OKAY,LOW,0,0,0,0,0,0,0,0,0,-1,0,0,0,0,Compass_MSM_407_BuoyBob,407
2023-09-01 21:30:00,450,12.95,-0.18,OKAY,LOW,0,0,0,0,0,0,0,0,0,-1,0,0,0,0,Compass_MSM_407_BuoyBob,407
2023-09-01 21:45:00,451,12.95,-0.094,OKAY,LOW,0,0,0,0,0,0,0,0,0,-1,0,0,0,0,Compass_MSM_407_BuoyBob,407
2023-09-01 22:00:00,452,12.94,-0.132,OKAY,LOW,0,0,0,0,0,0,0,0,0,-1,0,0,0,0,Compass_MSM_407_BuoyBob,407
2023-09-01 22:15:00,453,12.94,-0.103,OKAY,LOW,0,0,0,0,0,0,0,0,0,-1,0,0,0,0,Compass_MSM_407_BuoyBob,407
2023-09-01 22:30:00,454,12.93,-0.109,OKAY,LOW,0,0,0,0,0,0,0,0,0,-1,0,0,0,0,Compass_MSM_407_BuoyBob,407
2023-09-01 22:45:00,455,12.93,-0.13,OKAY,LOW,0,0,0,0,0,0,0,0,0,-1,0,0,0,0,Compass_MSM_407_BuoyBob,407
2023-09-01 23:00:00,456,12.93,-0.126,OKAY,LOW,0,0,0,0,0,0,0,0,0,-1,0,0,0,0,Compass_MSM_407_BuoyBob,407
2023-09-01 23:15:00,457,12.92,-0.127,OKAY,LOW,0,0,0,0,0,0,0,0,0,-1,0,0,0,0,Compass_MSM_407_BuoyBob,407
2023-09-01 23:30:00,458,12.92,-0.114,OKAY,LOW,0,0,0,0,0,0,0,0,0,-1,0,0,0,0,Compass_MSM_407_BuoyBob,407
2023-09-01 23:45:00,459,12.92,-0.138,OKAY,LOW,0,0,0,0,0,0,0,0,0,-1,0,0,0,0,Compass_MSM_407_BuoyBob,407
2023-09-02 00:00:00,460,12.92,-0.149,OKAY,LOW,0,0,0,0,0,0,0,0,0,-1,0,0,0,0,Compass_MSM_407_BuoyBob,407
2023-09-02 00:15:00,461,12.91,-0.12,OKAY,LOW,0,0,0,0,0,0,0,0,0,-1,0,0,0,0,Compass_MSM_407_BuoyBob,407
2023-09-02 00:30:00,462,12.91,-0.144,OKAY,LOW,0,0,0,0,0,0,0,0,0,-1,0,0,0,0,Compass_MSM_407_BuoyBob,407
2023-09-02 00:45:00,463,12.91,-0.126,OKAY,LOW,0,0,0,0,0,0,0,0,0,-1,0,0,0,0,Compass_MSM_407_BuoyBob,407
2023-09-02 01:00:00,464,12.9,-0.107,OKAY,LOW,0,0,0,0,0,0,0,0,0,-1,0,0,0,0,Compass_MSM_407_BuoyBob,407
2023-09-02 01:15:00,465,12.9,-0.139,OKAY,LOW,0,0,0,0,0,0,0,0,0,-1,0,0,0,0,Compass_MSM_407_BuoyBob,407
2023-09-02 01:30:00,466,12.9,-0.154,OKAY,LOW,0,0,0,0,0,0,0,0,0,-1,0,0,0,0,Compass_MSM_407_BuoyBob,407
2023-09-02 01:45:00,467,12.89,-0.138,OKAY,LOW,0,0,0,0,0,0,0,0,0,-1,0,0,0,0,Compass_MSM_407_BuoyBob,407
2023-09-02 02:00:00,468,12.89,-0.117,OKAY,LOW,0,0,0,0,0,0,0,0,0,-1,0,0,0,0,Compass_MSM_407_BuoyBob,407
2023-09-02 02:15:00,469,12.89,-0.069,OKAY,LOW,0,0,0,0,0,0,0,0,0,-1,0,0,0,0,Compass_MSM_407_BuoyBob,407
2023-09-02 02:30:00,470,12.88,-0.164,OKAY,LOW,0,0,0,0,0,0,0,0,0,-1,0,0,0,0,Compass_MSM_407_BuoyBob,407
2023-09-02 02:45:00,471,12.88,-0.138,OKAY,LOW,0,0,0,0,0,0,0,0,0,-1,0,0,0,0,Compass_MSM_407_BuoyBob,407
2023-09-02 03:00:00,472,12.88,-0.101,OKAY,LOW,0,0,0,0,0,0,0,0,0,-1,0,0,0,0,Compass_MSM_407_BuoyBob,407
2023-09-02 03:15:00,473,12.87,-0.148,OKAY,LOW,0,0,0,0,0,0,0,0,0,-1,0,0,0,0,Compass_MSM_407_BuoyBob,407
2023-09-02 03:30:00,474,12.87,-0.097,OKAY,LOW,0,0,0,0,0,0,0,0,0,-1,0,0,0,0,Compass_MSM_407_BuoyBob,407
2023-09-02 03:45:00,475,12.87,-0.141,OKAY,LOW,0,0,0,0,0,0,0,0,0,-1,0,0,0,0,Compass_MSM_407_BuoyBob,407
2023-09-02 04:00:00,476,12.86,-0.122,OKAY,LOW,0,0,0,0,0,0,0,0,0,-1,0,0,0,0,Compass_MSM_407_BuoyBob,407
2023-09-02 04:15:00,477,12.86,-0.123,OKAY,LOW,0,0,0,0,0,0,0,0,0,-1,0,0,0,0,Compass_MSM_407_BuoyBob,407
2023-09-02 04:30:00,478,12.86,-0.127,OKAY,LOW,0,0,0,0,0,0,0,0,0,-1,0,0,0,0,Compass_MSM_407_BuoyBob,407
2023-09-02 04:45:00,479,12.85,-0.14,OKAY,LOW,0,0,0,0,0,0,0,0,0,-1,0,0,0,0,Compass_MSM_407_BuoyBob,407
2023-09-02 05:00:00,480,12.85,-0.15,OKAY,LOW,0,0,0,0,0,0,0,0,0,-1,0,0,0,0,Compass_MSM_407_BuoyBob,407
2023-09-02 05:15:00,481,12.85,-0.113,OKAY,LOW,0,0,0,0,0,0,0,0,0,-1,0,0,0,0,Compass_MSM_407_BuoyBob,407
2023-09-02 05:30:00,482,12.84,-0.146,OKAY,LOW,0,0,0,0,0,0,0,0,0,-1,0,0,0,0,Compass_MSM_407_BuoyBob,407
2023-09-02 05:45:00,483,12.9,-0.122,OKAY,LOW,0,0,0,0,0,0,0,0,0,-1,0,0,0,0,Compass_MSM_407_BuoyBob,407
2023-09-02 06:00:00,484,13.31,-0.139,OKAY,LOW,0,0,0,0,0,0,0,0,0,-1,0,0,0,0,Compass_MSM_407_BuoyBob,407
2023-09-02 06:15:00,485,13.67,-0.155,OKAY,LOW,0,0,0,0,0,0,0,0,0,-1,0,0,0,0,Compass_MSM_407_BuoyBob,407
2023-09-02 06:30:00,486,14.04,-0.114,OKAY,LOW,0,0,0,0,0,0,0,0,0,-1,0,0,0,0,Compass_MSM_407_BuoyBob,407
2023-09-02 06:45:00,487,13.97,-0.095,OKAY,LOW,0,0,0,0,0,0,0,0,0,-1,0,0,0,0,Compass_MSM_407_BuoyBob,407
2023-09-02 07:00:00,488,13.96,-0.152,OKAY,LOW,0,0,0,0,0,0,0,0,0,-1,0,0,0,0,Compass_MSM_407_BuoyBob,407
2023-09-02 07:15:00,489,14.01,-0.112,OKAY,LOW,0,0,0,0,0,0,0,0,0,-1,0,0,0,0,Compass_MSM_407_BuoyBob,407
2023-09-02 07:30:00,490,13.99,-0.15,OKAY,LOW,0,0,0,0,0,0,0,0,0,-1,0,0,0,0,Compass_MSM_407_BuoyBob,407
2023-09-02 07:45:00,491,14,-0.168,OKAY,LOW,0,0,0,0,0,0,0,0,0,-1,0,0,0,0,Compass_MSM_407_BuoyBob,407
2023-09-02 08:00:00,492,14.15,-0.14,OKAY,LOW,0,0,0,0,0,0,0,0,0,-1,0,0,0,0,Compass_MSM_407_BuoyBob,407
2023-09-02 08:15:00,493,14.17,-0.126,OKAY,LOW,0,0,0,0,0,0,0,0,0,-1,0,0,0,0,Compass_MSM_407_BuoyBob,407
2023-09-02 08:30:00,494,13.46,-0.117,OKAY,LOW,0,0,0,0,0,0,0,0,0,-1,0,0,0,0,Compass_MSM_407_BuoyBob,407
2023-09-02 08:45:00,495,13.62,-0.12,OKAY,LOW,0,0,0,0,0,0,0,0,0,-1,0,0,0,0,Compass_MSM_407_BuoyBob,407
2023-09-02 09:00:00,496,13.44,-0.135,OKAY,LOW,0,0,0,0,0,0,0,0,0,-1,0,0,0,0,Compass_MSM_407_BuoyBob,407
2023-09-02 09:15:00,497,13.44,-0.097,OKAY,LOW,0,0,0,0,0,0,0,0,0,-1,0,0,0,0,Compass_MSM_407_BuoyBob,407
2023-09-02 09:30:00,498,13.44,-0.091,OKAY,LOW,0,0,0,0,0,0,0,0,0,-1,0,0,0,0,Compass_MSM_407_BuoyBob,407
2023-09-02 09:45:00,499,13.44,-0.105,OKAY,LOW,0,0,0,0,0,0,0,0,0,-1,0,0,0,0,Compass_MSM_407_BuoyBob,407
2023-09-02 10:00:00,500,13.44,-0.163,OKAY,LOW,0,0,0,0,0,0,0,0,0,-1,0,0,0,0,Compass_MSM_407_BuoyBob,407
2023-09-02 10:15:00,501,13.6,-0.139,OKAY,LOW,0,0,0,0,0,0,0,0,0,-1,0,0,0,0,Compass_MSM_407_BuoyBob,407
2023-09-02 10:30:00,502,13.44,-0.184,OKAY,LOW,0,0,0,0,0,0,0,0,0,-1,0,0,0,0,Compass_MSM_407_BuoyBob,407
2023-09-02 10:45:00,503,13.44,-0.144,OKAY,LOW,0,0,0,0,0,0,0,0,0,-1,0,0,0,0,Compass_MSM_407_BuoyBob,407
2023-09-02 11:00:00,504,13.43,-0.118,OKAY,LOW,0,0,0,0,0,0,0,0,0,-1,0,0,0,0,Compass_MSM_407_BuoyBob,407
2023-09-02 11:15:00,505,13.43,-0.123,OKAY,LOW,0,0,0,0,0,0,0,0,0,-1,0,0,0,0,Compass_MSM_407_BuoyBob,407
2023-09-02 11:30:00,506,13.43,-0.117,OKAY,LOW,0,0,0,0,0,0,0,0,0,-1,0,0,0,0,Compass_MSM_407_BuoyBob,407
2023-09-02 11:45:00,507,13.43,-0.16,OKAY,LOW,0,0,0,0,0,0,0,0,0,-1,0,0,0,0,Compass_MSM_407_BuoyBob,407
2023-09-02 12:00:00,508,13.6,-0.126,OKAY,LOW,0,0,0,0,0,0,0,0,0,-1,0,0,0,0,Compass_MSM_407_BuoyBob,407
2023-09-02 12:15:00,509,13.42,-0.163,OKAY,LOW,0,0,0,0,0,0,0,0,0,-1,0,0,0,0,Compass_MSM_407_BuoyBob,407
2023-09-02 12:30:00,510,13.42,-0.155,OKAY,LOW,0,0,0,0,0,0,0,0,0,-1,0,0,0,0,Compass_MSM_407_BuoyBob,407
2023-09-02 12:45:00,511,13.43,-0.112,OKAY,LOW,0,0,0,0,0,0,0,0,0,-1,0,0,0,0,Compass_MSM_407_BuoyBob,407
2023-09-02 13:00:00,512,13.41,-0.143,OKAY,LOW,0,0,0,0,0,0,0,0,0,-1,0,0,0,0,Compass_MSM_407_BuoyBob,407
2023-09-02 13:15:00,513,13.4,-0.152,OKAY,LOW,0,0,0,0,0,0,0,0,0,-1,0,0,0,0,Compass_MSM_407_BuoyBob,407
2023-09-02 13:30:00,514,13.4,-0.103,OKAY,LOW,0,0,0,0,0,0,0,0,0,-1,0,0,0,0,Compass_MSM_407_BuoyBob,407
2023-09-02 13:45:00,515,13.39,-0.178,OKAY,LOW,0,0,0,0,0,0,0,0,0,-1,0,0,0,0,Compass_MSM_407_BuoyBob,407
2023-09-02 14:00:00,516,13.39,-0.086,OKAY,LOW,0,0,0,0,0,0,0,0,0,-1,0,0,0,0,Compass_MSM_407_BuoyBob,407
2023-09-02 14:15:00,517,13.54,-0.158,OKAY,LOW,0,0,0,0,0,0,0,0,0,-1,0,0,0,0,Compass_MSM_407_BuoyBob,407
2023-09-02 14:30:00,518,13.38,-0.125,OKAY,LOW,0,0,0,0,0,0,0,0,0,-1,0,0,0,0,Compass_MSM_407_BuoyBob,407
2023-09-02 14:45:00,519,13.38,-0.157,OKAY,LOW,0,0,0,0,0,0,0,0,0,-1,0,0,0,0,Compass_MSM_407_BuoyBob,407
2023-09-02 15:00:00,520,13.38,-0.106,OKAY,LOW,0,0,0,0,0,0,0,0,0,-1,0,0,0,0,Compass_MSM_407_BuoyBob,407
2023-09-02 15:15:00,521,13.26,-0.1,OKAY,LOW,0,0,0,0,0,0,0,0,0,-1,0,0,0,0,Compass_MSM_407_BuoyBob,407
2023-09-02 15:30:00,522,13.38,-0.13,OKAY,LOW,0,0,0,0,0,0,0,0,0,-1,0,0,0,0,Compass_MSM_407_BuoyBob,407
2023-09-02 15:45:00,523,13.37,-0.174,OKAY,LOW,0,0,0,0,0,0,0,0,0,-1,0,0,0,0,Compass_MSM_407_BuoyBob,407
2023-09-02 16:00:00,524,13.44,-0.165,OKAY,LOW,0,0,0,0,0,0,0,0,0,-1,0,0,0,0,Compass_MSM_407_BuoyBob,407
2023-09-02 16:15:00,525,13.39,-0.134,OKAY,LOW,0,0,0,0,0,0,0,0,0,-1,0,0,0,0,Compass_MSM_407_BuoyBob,407
2023-09-02 16:30:00,526,13.41,-0.119,OKAY,LOW,0,0,0,0,0,0,0,0,0,-1,0,0,0,0,Compass_MSM_407_BuoyBob,407
2023-09-02 16:45:00,527,13.38,-0.173,OKAY,LOW,0,0,0,0,0,0,0,0,0,-1,0,0,0,0,Compass_MSM_407_BuoyBob,407
2023-09-02 17:00:00,528,13.39,-0.169,OKAY,LOW,0,0,0,0,0,0,0,0,0,-1,0,0,0,0,Compass_MSM_407_BuoyBob,407
2023-09-02 17:15:00,529,13.4,-0.101,OKAY,LOW,0,0,0,0,0,0,0,0,0,-1,0,0,0,0,Compass_MSM_407_BuoyBob,407
2023-09-02 17:30:00,530,13.39,-0.156,OKAY,LOW,0,0,0,0,0,0,0,0,0,-1,0,0,0,0,Compass_MSM_407_BuoyBob,407
2023-09-02 17:45:00,531,13.4,-0.174,OKAY,LOW,0,0,0,0,0,0,0,0,0,-1,0,0,0,0,Compass_MSM_407_BuoyBob,407
2023-09-02 18:00:00,532,13.38,-0.14,OKAY,LOW,0,0,0,0,0,0,0,0,0,-1,0,0,0,0,Compass_MSM_407_BuoyBob,407
2023-09-02 18:15:00,533,13.39,-0.156,OKAY,LOW,0,0,0,0,0,0,0,0,0,-1,0,0,0,0,Compass_MSM_407_BuoyBob,407
2023-09-02 18:30:00,534,13.18,-0.145,OKAY,LOW,0,0,0,0,0,0,0,0,0,-1,0,0,0,0,Compass_MSM_407_BuoyBob,407
2023-09-02 18:45:00,535,13.06,-0.148,OKAY,LOW,0,0,0,0,0,0,0,0,0,-1,0,0,0,0,Compass_MSM_407_BuoyBob,407
2023-09-02 19:00:00,536,13.04,-0.16,OKAY,LOW,0,0,0,0,0,0,0,0,0,-1,0,0,0,0,Compass_MSM_407_BuoyBob,407
2023-09-02 19:15:00,537,13.03,-0.134,OKAY,LOW,0,0,0,0,0,0,0,0,0,-1,0,0,0,0,Compass_MSM_407_BuoyBob,407
2023-09-02 19:30:00,538,13.02,-0.122,OKAY,LOW,0,0,0,0,0,0,0,0,0,-1,0,0,0,0,Compass_MSM_407_BuoyBob,407
2023-09-02 19:45:00,539,13.01,-0.138,OKAY,LOW,0,0,0,0,0,0,0,0,0,-1,0,0,0,0,Compass_MSM_407_BuoyBob,407
2023-09-02 20:00:00,540,13,-0.157,OKAY,LOW,0,0,0,0,0,0,0,0,0,-1,0,0,0,0,Compass_MSM_407_BuoyBob,407
2023-09-02 20:15:00,541,13,-0.164,OKAY,LOW,0,0,0,0,0,0,0,0,0,-1,0,0,0,0,Compass_MSM_407_BuoyBob,407
2023-09-02 20:30:00,542,12.99,-0.168,OKAY,LOW,0,0,0,0,0,0,0,0,0,-1,0,0,0,0,Compass_MSM_407_BuoyBob,407
2023-09-02 20:45:00,543,12.99,-0.149,OKAY,LOW,0,0,0,0,0,0,0,0,0,-1,0,0,0,0,Compass_MSM_407_BuoyBob,407
2023-09-02 21:00:00,544,12.98,-0.128,OKAY,LOW,0,0,0,0,0,0,0,0,0,-1,0,0,0,0,Compass_MSM_407_BuoyBob,407
2023-09-02 21:15:00,545,12.98,-0.141,OKAY,LOW,0,0,0,0,0,0,0,0,0,-1,0,0,0,0,Compass_MSM_407_BuoyBob,407
2023-09-02 21:30:00,546,12.97,-0.119,OKAY,LOW,0,0,0,0,0,0,0,0,0,-1,0,0,0,0,Compass_MSM_407_BuoyBob,407
2023-09-02 21:45:00,547,12.97,-0.147,OKAY,LOW,0,0,0,0,0,0,0,0,0,-1,0,0,0,0,Compass_MSM_407_BuoyBob,407
2023-09-02 22:00:00,548,12.97,-0.139,OKAY,LOW,0,0,0,0,0,0,0,0,0,-1,0,0,0,0,Compass_MSM_407_BuoyBob,407
2023-09-02 22:15:00,549,12.96,-0.126,OKAY,LOW,0,0,0,0,0,0,0,0,0,-1,0,0,0,0,Compass_MSM_407_BuoyBob,407
2023-09-02 22:30:00,550,12.96,-0.125,OKAY,LOW,0,0,0,0,0,0,0,0,0,-1,0,0,0,0,Compass_MSM_407_BuoyBob,407
2023-09-02 22:45:00,551,12.95,-0.126,OKAY,LOW,0,0,0,0,0,0,0,0,0,-1,0,0,0,0,Compass_MSM_407_BuoyBob,407
2023-09-02 23:00:00,552,12.95,-0.09,OKAY,LOW,0,0,0,0,0,0,0,0,0,-1,0,0,0,0,Compass_MSM_407_BuoyBob,407
2023-09-02 23:15:00,553,12.95,-0.115,OKAY,LOW,0,0,0,0,0,0,0,0,0,-1,0,0,0,0,Compass_MSM_407_BuoyBob,407
2023-09-02 23:30:00,554,12.94,-0.143,OKAY,LOW,0,0,0,0,0,0,0,0,0,-1,0,0,0,0,Compass_MSM_407_BuoyBob,407
2023-09-02 23:45:00,555,12.94,-0.15,OKAY,LOW,0,0,0,0,0,0,0,0,0,-1,0,0,0,0,Compass_MSM_407_BuoyBob,407
2023-09-03 00:00:00,556,12.94,-0.122,OKAY,LOW,0,0,0,0,0,0,0,0,0,-1,0,0,0,0,Compass_MSM_407_BuoyBob,407
2023-09-03 00:15:00,557,12.93,-0.107,OKAY,LOW,0,0,0,0,0,0,0,0,0,-1,0,0,0,0,Compass_MSM_407_BuoyBob,407
2023-09-03 00:30:00,558,12.93,-0.112,OKAY,LOW,0,0,0,0,0,0,0,0,0,-1,0,0,0,0,Compass_MSM_407_BuoyBob,407
2023-09-03 00:45:00,559,12.92,-0.177,OKAY,LOW,0,0,0,0,0,0,0,0,0,-1,0,0,0,0,Compass_MSM_407_BuoyBob,407
2023-09-03 01:00:00,560,12.92,-0.171,OKAY,LOW,0,0,0,0,0,0,0,0,0,-1,0,0,0,0,Compass_MSM_407_BuoyBob,407
2023-09-03 01:15:00,561,12.92,-0.145,OKAY,LOW,0,0,0,0,0,0,0,0,0,-1,0,0,0,0,Compass_MSM_407_BuoyBob,407
2023-09-03 01:30:00,562,12.91,-0.178,OKAY,LOW,0,0,0,0,0,0,0,0,0,-1,0,0,0,0,Compass_MSM_407_BuoyBob,407
2023-09-03 01:45:00,563,12.9,-0.118,OKAY,LOW,0,0,0,0,0,0,0,0,0,-1,0,0,0,0,Compass_MSM_407_BuoyBob,407
2023-09-03 02:00:00,564,12.9,-0.128,OKAY,LOW,0,0,0,0,0,0,0,0,0,-1,0,0,0,0,Compass_MSM_407_BuoyBob,407
2023-09-03 02:15:00,565,12.9,-0.16,OKAY,LOW,0,0,0,0,0,0,0,0,0,-1,0,0,0,0,Compass_MSM_407_BuoyBob,407
2023-09-03 02:30:00,566,12.89,-0.102,OKAY,LOW,0,0,0,0,0,0,0,0,0,-1,0,0,0,0,Compass_MSM_407_BuoyBob,407
2023-09-03 02:45:00,567,12.89,-0.142,OKAY,LOW,0,0,0,0,0,0,0,0,0,-1,0,0,0,0,Compass_MSM_407_BuoyBob,407
2023-09-03 03:00:00,568,12.88,-0.073,OKAY,LOW,0,0,0,0,0,0,0,0,0,-1,0,0,0,0,Compass_MSM_407_BuoyBob,407
2023-09-03 03:15:00,569,12.88,-0.115,OKAY,LOW,0,0,0,0,0,0,0,0,0,-1,0,0,0,0,Compass_MSM_407_BuoyBob,407
2023-09-03 03:30:00,570,12.88,-0.093,OKAY,LOW,0,0,0,0,0,0,0,0,0,-1,0,0,0,0,Compass_MSM_407_BuoyBob,407
2023-09-03 03:45:00,571,12.87,-0.168,OKAY,LOW,0,0,0,0,0,0,0,0,0,-1,0,0,0,0,Compass_MSM_407_BuoyBob,407
2023-09-03 04:00:00,572,12.87,-0.125,OKAY,LOW,0,0,0,0,0,0,0,0,0,-1,0,0,0,0,Compass_MSM_407_BuoyBob,407
2023-09-03 04:15:00,573,12.87,-0.153,OKAY,LOW,0,0,0,0,0,0,0,0,0,-1,0,0,0,0,Compass_MSM_407_BuoyBob,407
2023-09-03 04:30:00,574,12.87,-0.142,OKAY,LOW,0,0,0,0,0,0,0,0,0,-1,0,0,0,0,Compass_MSM_407_BuoyBob,407
2023-09-03 04:45:00,575,12.86,-0.138,OKAY,LOW,0,0,0,0,0,0,0,0,0,-1,0,0,0,0,Compass_MSM_407_BuoyBob,407
2023-09-03 05:00:00,576,12.86,-0.093,OKAY,LOW,0,0,0,0,0,0,0,0,0,-1,0,0,0,0,Compass_MSM_407_BuoyBob,407
2023-09-03 05:15:00,577,12.86,-0.118,OKAY,LOW,0,0,0,0,0,0,0,0,0,-1,0,0,0,0,Compass_MSM_407_BuoyBob,407
2023-09-03 05:30:00,578,12.85,-0.104,OKAY,LOW,0,0,0,0,0,0,0,0,0,-1,0,0,0,0,Compass_MSM_407_BuoyBob,407
2023-09-03 05:45:00,579,12.87,-0.109,OKAY,LOW,0,0,0,0,0,0,0,0,0,-1,0,0,0,0,Compass_MSM_407_BuoyBob,407
2023-09-03 06:00:00,580,13.14,-0.118,OKAY,LOW,0,0,0,0,0,0,0,0,0,-1,0,0,0,0,Compass_MSM_407_BuoyBob,407
2023-09-03 06:15:00,581,13.59,-0.134,OKAY,LOW,0,0,0,0,0,0,0,0,0,-1,0,0,0,0,Compass_MSM_407_BuoyBob,407
2023-09-03 06:30:00,582,13.91,-0.102,OKAY,LOW,0,0,0,0,0,0,0,0,0,-1,0,0,0,0,Compass_MSM_407_BuoyBob,407
2023-09-03 06:45:00,583,14.08,-0.119,OKAY,LOW,0,0,0,0,0,0,0,0,0,-1,0,0,0,0,Compass_MSM_407_BuoyBob,407
2023-09-03 07:00:00,584,14.09,-0.112,OKAY,LOW,0,0,0,0,0,0,0,0,0,-1,0,0,0,0,Compass_MSM_407_BuoyBob,407
2023-09-03 07:15:00,585,13.96,-0.124,OKAY,LOW,0,0,0,0,0,0,0,0,0,-1,0,0,0,0,Compass_MSM_407_BuoyBob,407
2023-09-03 07:30:00,586,13.99,-0.117,OKAY,LOW,0,0,0,0,0,0,0,0,0,-1,0,0,0,0,Compass_MSM_407_BuoyBob,407
2023-09-03 07:45:00,587,14.14,-0.144,OKAY,LOW,0,0,0,0,0,0,0,0,0,-1,0,0,0,0,Compass_MSM_407_BuoyBob,407
2023-09-03 08:00:00,588,14.15,-0.126,OKAY,LOW,0,0,0,0,0,0,0,0,0,-1,0,0,0,0,Compass_MSM_407_BuoyBob,407
2023-09-03 08:15:00,589,13.99,-0.107,OKAY,LOW,0,0,0,0,0,0,0,0,0,-1,0,0,0,0,Compass_MSM_407_BuoyBob,407
2023-09-03 08:30:00,590,13.99,-0.169,OKAY,LOW,0,0,0,0,0,0,0,0,0,-1,0,0,0,0,Compass_MSM_407_BuoyBob,407
2023-09-03 08:45:00,591,13.59,-0.14,OKAY,LOW,0,0,0,0,0,0,0,0,0,-1,0,0,0,0,Compass_MSM_407_BuoyBob,407
2023-09-03 09:00:00,592,13.42,-0.134,OKAY,LOW,0,0,0,0,0,0,0,0,0,-1,0,0,0,0,Compass_MSM_407_BuoyBob,407
2023-09-03 09:15:00,593,13.42,-0.102,OKAY,LOW,0,0,0,0,0,0,0,0,0,-1,0,0,0,0,Compass_MSM_407_BuoyBob,407
2023-09-03 09:30:00,594,13.43,-0.133,OKAY,LOW,0,0,0,0,0,0,0,0,0,-1,0,0,0,0,Compass_MSM_407_BuoyBob,407
2023-09-03 09:45:00,595,13.42,-0.157,OKAY,LOW,0,0,0,0,0,0,0,0,0,-1,0,0,0,0,Compass_MSM_407_BuoyBob,407
2023-09-03 10:00:00,596,13.42,-0.131,OKAY,LOW,0,0,0,0,0,0,0,0,0,-1,0,0,0,0,Compass_MSM_407_BuoyBob,407
2023-09-03 10:15:00,597,13.43,-0.127,OKAY,LOW,0,0,0,0,0,0,0,0,0,-1,0,0,0,0,Compass_MSM_407_BuoyBob,407
2023-09-03 10:30:00,598,13.42,-0.124,OKAY,LOW,0,0,0,0,0,0,0,0,0,-1,0,0,0,0,Compass_MSM_407_BuoyBob,407
2023-09-03 10:45:00,599,13.42,-0.143,OKAY,LOW,0,0,0,0,0,0,0,0,0,-1,0,0,0,0,Compass_MSM_407_BuoyBob,407
2023-09-03 11:00:00,600,13.44,-0.144,OKAY,LOW,0,0,0,0,0,0,0,0,0,-1,0,0,0,0,Compass_MSM_407_BuoyBob,407
2023-09-03 11:15:00,601,13.42,-0.137,OKAY,LOW,0,0,0,0,0,0,0,0,0,-1,0,0,0,0,Compass_MSM_407_BuoyBob,407
2023-09-03 11:30:00,602,13.57,-0.081,OKAY,LOW,0,0,0,0,0,0,0,0,0,-1,0,0,0,0,Compass_MSM_407_BuoyBob,407
2023-09-03 11:45:00,603,13.4,-0.148,OKAY,LOW,0,0,0,0,0,0,0,0,0,-1,0,0,0,0,Compass_MSM_407_BuoyBob,407
2023-09-03 12:00:00,604,13.54,-0.153,OKAY,LOW,0,0,0,0,0,0,0,0,0,-1,0,0,0,0,Compass_MSM_407_BuoyBob,407
2023-09-03 12:15:00,605,13.4,-0.156,OKAY,LOW,0,0,0,0,0,0,0,0,0,-1,0,0,0,0,Compass_MSM_407_BuoyBob,407
2023-09-03 12:30:00,606,13.4,-0.062,OKAY,LOW,0,0,0,0,0,0,0,0,0,-1,0,0,0,0,Compass_MSM_407_BuoyBob,407
2023-09-03 12:45:00,607,13.4,-0.177,OKAY,LOW,0,0,0,0,0,0,0,0,0,-1,0,0,0,0,Compass_MSM_407_BuoyBob,407
2023-09-03 13:00:00,608,13.39,-0.162,OKAY,LOW,0,0,0,0,0,0,0,0,0,-1,0,0,0,0,Compass_MSM_407_BuoyBob,407
2023-09-03 13:15:00,609,13.54,-0.154,OKAY,LOW,0,0,0,0,0,0,0,0,0,-1,0,0,0,0,Compass_MSM_407_BuoyBob,407
2023-09-03 13:30:00,610,13.55,-0.165,OKAY,LOW,0,0,0,0,0,0,0,0,0,-1,0,0,0,0,Compass_MSM_407_BuoyBob,407
2023-09-03 13:45:00,611,13.39,-0.119,OKAY,LOW,0,0,0,0,0,0,0,0,0,-1,0,0,0,0,Compass_MSM_407_BuoyBob,407
2023-09-03 14:00:00,612,13.4,-0.145,OKAY,LOW,0,0,0,0,0,0,0,0,0,-1,0,0,0,0,Compass_MSM_407_BuoyBob,407
2023-09-03 14:15:00,613,13.54,-0.168,OKAY,LOW,0,0,0,0,0,0,0,0,0,-1,0,0,0,0,Compass_MSM_407_BuoyBob,407
2023-09-03 14:30:00,614,13.38,-0.163,OKAY,LOW,0,0,0,0,0,0,0,0,0,-1,0,0,0,0,Compass_MSM_407_BuoyBob,407
2023-09-03 14:45:00,615,13.39,-0.123,OKAY,LOW,0,0,0,0,0,0,0,0,0,-1,0,0,0,0,Compass_MSM_407_BuoyBob,407
2023-09-03 15:00:00,616,13.38,-0.152,OKAY,LOW,0,0,0,0,0,0,0,0,0,-1,0,0,0,0,Compass_MSM_407_BuoyBob,407
2023-09-03 15:15:00,617,13.37,-0.186,OKAY,LOW,0,0,0,0,0,0,0,0,0,-1,0,0,0,0,Compass_MSM_407_BuoyBob,407
2023-09-03 15:30:00,618,13.36,-0.16,OKAY,LOW,0,0,0,0,0,0,0,0,0,-1,0,0,0,0,Compass_MSM_407_BuoyBob,407
2023-09-03 15:45:00,619,13.37,-0.155,OKAY,LOW,0,0,0,0,0,0,0,0,0,-1,0,0,0,0,Compass_MSM_407_BuoyBob,407
2023-09-03 16:00:00,620,13.36,-0.143,OKAY,LOW,0,0,0,0,0,0,0,0,0,-1,0,0,0,0,Compass_MSM_407_BuoyBob,407
2023-09-03 16:15:00,621,13.34,-0.172,OKAY,LOW,0,0,0,0,0,0,0,0,0,-1,0,0,0,0,Compass_MSM_407_BuoyBob,407
2023-09-03 16:30:00,622,13.37,-0.142,OKAY,LOW,0,0,0,0,0,0,0,0,0,-1,0,0,0,0,Compass_MSM_407_BuoyBob,407
2023-09-03 16:45:00,623,13.34,-0.189,OKAY,LOW,0,0,0,0,0,0,0,0,0,-1,0,0,0,0,Compass_MSM_407_BuoyBob,407
2023-09-03 17:00:00,624,13.34,-0.16,OKAY,LOW,0,0,0,0,0,0,0,0,0,-1,0,0,0,0,Compass_MSM_407_BuoyBob,407
2023-09-03 17:15:00,625,13.34,-0.153,OKAY,LOW,0,0,0,0,0,0,0,0,0,-1,0,0,0,0,Compass_MSM_407_BuoyBob,407
2023-09-03 17:30:00,626,13.41,-0.171,OKAY,LOW,0,0,0,0,0,0,0,0,0,-1,0,0,0,0,Compass_MSM_407_BuoyBob,407
2023-09-03 17:45:00,627,13.33,-0.121,OKAY,LOW,0,0,0,0,0,0,0,0,0,-1,0,0,0,0,Compass_MSM_407_BuoyBob,407
2023-09-03 18:00:00,628,13.39,-0.152,OKAY,LOW,0,0,0,0,0,0,0,0,0,-1,0,0,0,0,Compass_MSM_407_BuoyBob,407
2023-09-03 18:15:00,629,13.36,-0.133,OKAY,LOW,0,0,0,0,0,0,0,0,0,-1,0,0,0,0,Compass_MSM_407_BuoyBob,407
2023-09-03 18:30:00,630,13.12,-0.193,OKAY,LOW,0,0,0,0,0,0,0,0,0,-1,0,0,0,0,Compass_MSM_407_BuoyBob,407
2023-09-03 18:45:00,631,13.05,-0.146,OKAY,LOW,0,0,0,0,0,0,0,0,0,-1,0,0,0,0,Compass_MSM_407_BuoyBob,407
2023-09-03 19:00:00,632,13.04,-0.149,OKAY,LOW,0,0,0,0,0,0,0,0,0,-1,0,0,0,0,Compass_MSM_407_BuoyBob,407
2023-09-03 19:15:00,633,13.03,-0.173,OKAY,LOW,0,0,0,0,0,0,0,0,0,-1,0,0,0,0,Compass_MSM_407_BuoyBob,407
2023-09-03 19:30:00,634,13.02,-0.122,OKAY,LOW,0,0,0,0,0,0,0,0,0,-1,0,0,0,0,Compass_MSM_407_BuoyBob,407
2023-09-03 19:45:00,635,13.02,-0.138,OKAY,LOW,0,0,0,0,0,0,0,0,0,-1,0,0,0,0,Compass_MSM_407_BuoyBob,407
2023-09-03 20:00:00,636,13.01,-0.153,OKAY,LOW,0,0,0,0,0,0,0,0,0,-1,0,0,0,0,Compass_MSM_407_BuoyBob,407
2023-09-03 20:15:00,637,13.01,-0.138,OKAY,LOW,0,0,0,0,0,0,0,0,0,-1,0,0,0,0,Compass_MSM_407_BuoyBob,407
2023-09-03 20:30:00,638,13,-0.133,OKAY,LOW,0,0,0,0,0,0,0,0,0,-1,0,0,0,0,Compass_MSM_407_BuoyBob,407
2023-09-03 20:45:00,639,13,-0.156,OKAY,LOW,0,0,0,0,0,0,0,0,0,-1,0,0,0,0,Compass_MSM_407_BuoyBob,407
2023-09-03 21:00:00,640,12.99,-0.161,OKAY,LOW,0,0,0,0,0,0,0,0,0,-1,0,0,0,0,Compass_MSM_407_BuoyBob,407
2023-09-03 21:15:00,641,12.99,-0.189,OKAY,LOW,0,0,0,0,0,0,0,0,0,-1,0,0,0,0,Compass_MSM_407_BuoyBob,407
2023-09-03 21:30:00,642,12.98,-0.169,OKAY,LOW,0,0,0,0,0,0,0,0,0,-1,0,0,0,0,Compass_MSM_407_BuoyBob,407
2023-09-03 21:45:00,643,12.98,-0.172,OKAY,LOW,0,0,0,0,0,0,0,0,0,-1,0,0,0,0,Compass_MSM_407_BuoyBob,407
2023-09-03 22:00:00,644,12.98,-0.143,OKAY,LOW,0,0,0,0,0,0,0,0,0,-1,0,0,0,0,Compass_MSM_407_BuoyBob,407
2023-09-03 22:15:00,645,12.97,-0.123,OKAY,LOW,0,0,0,0,0,0,0,0,0,-1,0,0,0,0,Compass_MSM_407_BuoyBob,407
2023-09-03 22:30:00,646,12.97,-0.147,OKAY,LOW,0,0,0,0,0,0,0,0,0,-1,0,0,0,0,Compass_MSM_407_BuoyBob,407
2023-09-03 22:45:00,647,12.96,-0.18,OKAY,LOW,0,0,0,0,0,0,0,0,0,-1,0,0,0,0,Compass_MSM_407_BuoyBob,407
2023-09-03 23:00:00,648,12.96,-0.156,OKAY,LOW,0,0,0,0,0,0,0,0,0,-1,0,0,0,0,Compass_MSM_407_BuoyBob,407
2023-09-03 23:15:00,649,12.95,-0.154,OKAY,LOW,0,0,0,0,0,0,0,0,0,-1,0,0,0,0,Compass_MSM_407_BuoyBob,407
2023-09-03 23:30:00,650,12.95,-0.12,OKAY,LOW,0,0,0,0,0,0,0,0,0,-1,0,0,0,0,Compass_MSM_407_BuoyBob,407
2023-09-03 23:45:00,651,12.95,-0.156,OKAY,LOW,0,0,0,0,0,0,0,0,0,-1,0,0,0,0,Compass_MSM_407_BuoyBob,407
2023-09-04 00:00:00,652,12.94,-0.147,OKAY,LOW,0,0,0,0,0,0,0,0,0,-1,0,0,0,0,Compass_MSM_407_BuoyBob,407
2023-09-04 00:15:00,653,12.93,-0.175,OKAY,LOW,0,0,0,0,0,0,0,0,0,-1,0,0,0,0,Compass_MSM_407_BuoyBob,407
2023-09-04 00:30:00,654,12.93,-0.139,OKAY,LOW,0,0,0,0,0,0,0,0,0,-1,0,0,0,0,Compass_MSM_407_BuoyBob,407
