"TOA5","PNNL_32","CR1000X","29516","CR1000X.Std.05.01","CPU:Tempest_v5_8_1_21.CR1X","40249","WaterLevel600"
"TIMESTAMP","RECORD","Statname","Aquatroll_ID(1)","Barometric_Pressure600","Temperature600","Actual_Conductivity600","Specific_Conductivity600","Salinity600","TDS600","Water_Density600","Resistivity600","pH600","pH_mV600","pH_ORP600","RDO_concen600","RDO_perc_sat600","RDO_part_Pressure600","Pressure600","Depth600","Temperature_Int600","Voltage_Ext600","Battery_Int600"
"TS","RN","","","mmHg","C","uS/cm","uS/cm","PSU","ppt","g/cm3","ohm-cm","pH","mV","ORP- mV","mg/L","%Sat","Torr","PSI","cm","C","V","%"
"","","Smp","Smp","Smp","Smp","Smp","Smp","Smp","Smp","Smp","Smp","Smp","Smp","Smp","Smp","Smp","Smp","Smp","Smp","Smp","Smp","Smp"
2024-09-16 06:00:00,103037,PNNL_32,113IN-SITU AT600 232 6,753.97,14.05,466.33,589.66,0.29,2144.4,0.38,0.999,5.48,-4.3,-301.3,0,0,-0.21,0.32876747693913955,1088,13.795,73,NAN
2024-09-16 06:15:00,103038,PNNL_32,113IN-SITU AT600 232 6,753.97,14.05,466.31,589.6,0.29,2144.5,0.38,0.999,5.47,-3.9,-301.1,0,0,-0.22,0.330201833265646,1088.2,13.777,73,NAN
2024-09-16 06:30:00,103039,PNNL_32,113IN-SITU AT600 232 6,753.97,14.05,466.31,589.6,0.29,2144.5,0.38,0.999,5.48,-4.3,-301.1,0,0,-0.22,0.32917282589777724,1088.1,13.795,73,NAN
2024-09-16 06:45:00,103040,PNNL_32,113IN-SITU AT600 232 6,753.97,14.05,466.33,589.62,0.29,2144.4,0.38,0.999,5.46,-3.6,-301.1,0,0,-0.2,0.32847514068573386,1088.3,13.786,73,NAN
2024-09-16 07:00:00,103041,PNNL_32,113IN-SITU AT600 232 6,753.97,14.05,466.34,589.65,0.29,2144.4,0.38,0.999,5.46,-3.4,-301.2,0,0,-0.22,0.3262133201833251,1088.1,13.768,73,NAN
2024-09-16 07:15:00,103042,PNNL_32,113IN-SITU AT600 232 6,753.97,14.05,466.35,589.65,0.29,2144.3,0.38,0.999,5.45,-3.2,-301,0,0,-0.2,0.32637286070661753,1088.2,13.795,73,NAN
2024-09-16 07:30:00,103043,PNNL_32,113IN-SITU AT600 232 6,753.97,14.05,466.34,589.63,0.29,2144.3,0.38,0.999,5.46,-3.3,-301.1,0,0,-0.22,0.32543012125079496,1088.2,13.786,73,NAN
2024-09-16 07:45:00,103044,PNNL_32,113IN-SITU AT600 232 6,753.97,14.05,466.37,589.66,0.29,2144.2,0.38,0.999,5.45,-3.1,-301.4,0,0,-0.21,0.32206677496083724,1088.1,13.777,73,NAN
2024-09-16 08:00:00,103045,PNNL_32,113IN-SITU AT600 232 6,753.97,14.05,466.51,589.86,0.29,2143.6,0.38,0.999,5.48,-4.4,-301.5,0,0,-0.22,0.32186372338573865,1088.1,13.786,73,NAN
2024-09-16 08:15:00,103046,PNNL_32,113IN-SITU AT600 232 6,753.97,14.05,466.54,589.88,0.29,2143.4,0.38,0.999,5.48,-4.2,-301.5,0,0,-0.21,0.32406526657771106,1088.3,13.777,73,NAN
2024-09-16 08:30:00,103047,PNNL_32,113IN-SITU AT600 232 6,753.97,14.05,466.51,589.84,0.29,2143.6,0.38,0.999,5.47,-3.7,-301.5,0,0,-0.2,0.3237614434066243,1088.3,13.768,73,NAN
2024-09-16 08:45:00,103048,PNNL_32,113IN-SITU AT600 232 6,753.97,14.05,466.53,589.85,0.29,2143.5,0.38,0.999,5.47,-4.1,-301.6,0,0,-0.2,0.32402175552590495,1088.3,13.795,73,NAN
2024-09-16 09:00:00,103049,PNNL_32,113IN-SITU AT600 232 6,753.97,14.05,466.57,589.95,0.29,2143.3,0.38,0.999,5.47,-4,-301.7,0,0,-0.21,0.319339328189361,1088.1,13.786,73,NAN
2024-09-16 09:15:00,103050,PNNL_32,113IN-SITU AT600 232 6,753.97,14.05,466.58,589.92,0.29,2143.2,0.38,0.999,5.46,-3.7,-301.4,0,0,-0.21,0.31806451238614697,1088,13.741,73,NAN
2024-09-16 09:30:00,103051,PNNL_32,113IN-SITU AT600 232 6,753.97,14.05,466.76,590.12,0.29,2142.4,0.38,0.999,5.46,-3.7,-301.1,0,0,-0.21,0.31925230608574545,1088.1,13.768,73,NAN
2024-09-16 09:45:00,103052,PNNL_32,113IN-SITU AT600 232 6,753.97,14.05,466.73,590.09,0.29,2142.6,0.38,0.999,5.46,-3.5,-301.2,0,0,-0.21,0.3190790160700804,1088,13.759,73,NAN
2024-09-16 10:00:00,103053,PNNL_32,113IN-SITU AT600 232 6,753.97,14.05,466.71,590.09,0.29,2142.6,0.38,0.999,5.48,-4.5,-301.1,0,0,-0.21,0.31854388814758705,1087.9,13.75,73,NAN
2024-09-16 10:15:00,103054,PNNL_32,113IN-SITU AT600 232 6,753.97,14.05,466.7,590.06,0.29,2142.7,0.38,0.999,5.47,-4.2,-300.8,0,0,-0.21,0.31587671868654715,1087.8,13.759,73,NAN
2024-09-16 10:30:00,103055,PNNL_32,113IN-SITU AT600 232 6,753.97,14.06,466.71,590.06,0.29,2142.6,0.38,0.999,5.47,-3.7,-300.8,0,0,-0.21,0.3178912223704819,1087.9,13.759,73,NAN
2024-09-16 10:45:00,103056,PNNL_32,113IN-SITU AT600 232 6,753.97,14.05,466.72,590.08,0.29,2142.6,0.38,0.999,5.46,-3.7,-300.9,0,0,-0.21,0.31574844810581704,1087.6,13.75,73,NAN
2024-09-16 11:00:00,103057,PNNL_32,113IN-SITU AT600 232 6,753.97,14.05,466.72,590.09,0.29,2142.6,0.38,0.999,5.46,-3.6,-301.1,0,0,-0.22,0.3174446249347329,1087.6,13.732,73,NAN
2024-09-16 11:15:00,103058,PNNL_32,113IN-SITU AT600 232 6,753.97,14.06,466.72,590.06,0.29,2142.6,0.38,0.999,5.45,-3,-300.8,0,0,-0.2,0.3163721065150547,1087.6,13.759,73,NAN
2024-09-16 11:30:00,103059,PNNL_32,113IN-SITU AT600 232 6,753.97,14.06,466.74,590.08,0.29,2142.5,0.38,0.999,5.44,-2.8,-300.9,0,0,-0.22,0.31827058072750314,1087.7,13.768,73,NAN
2024-09-16 11:45:00,103060,PNNL_32,113IN-SITU AT600 232 6,753.97,14.06,466.68,590.01,0.29,2142.8,0.38,0.999,5.44,-2.5,-301,0,0,-0.22,0.3187346986134451,1087.7,13.768,73,NAN
2024-09-16 12:00:00,103061,PNNL_32,113IN-SITU AT600 232 6,753.97,14.05,466.69,590.05,0.29,2142.7,0.38,0.999,5.45,-2.8,-301.1,0,0,-0.2,0.3183010964785027,1087.6,13.768,73,NAN
2024-09-16 12:15:00,103062,PNNL_32,113IN-SITU AT600 232 6,753.97,14.06,466.65,589.97,0.29,2142.9,0.38,0.999,5.45,-2.8,-300.9,0,0,-0.21,0.3188682485351277,1087.4,13.795,73,NAN
2024-09-16 12:30:00,103063,PNNL_32,113IN-SITU AT600 232 6,753.97,14.06,466.65,589.95,0.29,2142.9,0.38,0.999,5.45,-3,-300.9,0,0,-0.21,0.31901479375761027,1087.3,13.777,73,NAN
2024-09-16 12:45:00,103064,PNNL_32,113IN-SITU AT600 232 6,753.97,14.06,466.64,589.96,0.29,2143,0.38,0.999,5.44,-2.7,-301,0,0,-0.21,0.31907431687648385,1087.1,13.768,73,NAN
2024-09-16 13:00:00,103065,PNNL_32,113IN-SITU AT600 232 6,753.97,14.05,466.75,590.11,0.29,2142.5,0.38,0.999,5.44,-2.5,-301.1,0,0,-0.2,0.31878575158089856,1087,13.759,73,NAN
2024-09-16 13:15:00,103066,PNNL_32,113IN-SITU AT600 232 6,753.97,14.06,466.71,590.02,0.29,2142.7,0.38,0.999,5.45,-3.1,-300.9,0,0,-0.22,0.3190360851656302,1086.6,13.777,73,NAN
2024-09-16 13:30:00,103067,PNNL_32,113IN-SITU AT600 232 6,753.97,14.06,466.68,590,0.29,2142.8,0.38,0.999,5.45,-2.9,-300.9,0,0,-0.2,0.32018338457968343,1086.4,13.759,73,NAN
2024-09-16 13:45:00,103068,PNNL_32,113IN-SITU AT600 232 6,753.97,14.06,466.6,589.87,0.29,2143.2,0.38,0.999,5.44,-2.7,-301.1,0,0,-0.22,0.31925967395718263,1086.1,13.759,73,NAN
2024-09-16 14:00:00,103069,PNNL_32,113IN-SITU AT600 232 6,753.97,14.06,466.57,589.85,0.29,2143.3,0.38,0.999,5.44,-2.4,-301.2,0,0,-0.23,0.32239246968729823,1086.1,13.777,73,NAN
2024-09-16 14:15:00,103070,PNNL_32,113IN-SITU AT600 232 6,753.97,14.06,466.53,589.78,0.29,2143.5,0.38,0.999,5.45,-3.2,-301,0,0,-0.21,0.3214367349306707,1085.9,13.75,73,NAN
2024-09-16 14:30:00,103071,PNNL_32,113IN-SITU AT600 232 6,753.97,14.06,466.52,589.79,0.29,2143.5,0.38,0.999,5.42,-1.6,-301,0,0,-0.21,0.3207710738527574,1085.8,13.777,73,NAN
2024-09-16 14:45:00,103072,PNNL_32,113IN-SITU AT600 232 6,753.97,14.06,466.49,589.74,0.29,2143.7,0.38,0.999,5.43,-2.1,-301.2,0,0,-0.2,0.32316342751058785,1085.9,13.795,73,NAN
2024-09-16 15:00:00,103073,PNNL_32,113IN-SITU AT600 232 6,753.97,14.06,466.52,589.79,0.29,2143.5,0.38,0.999,5.42,-1.4,-301.3,0,0,-0.2,0.3233947322619928,1085.9,13.777,73,NAN
2024-09-16 15:15:00,103074,PNNL_32,113IN-SITU AT600 232 6,753.97,14.06,466.5,589.76,0.29,2143.6,0.38,0.999,5.42,-1.6,-301.1,0,0,-0.2,0.3236863143238373,1085.8,13.795,73,NAN
2024-09-16 15:30:00,103075,PNNL_32,113IN-SITU AT600 232 6,753.97,14.06,466.43,589.65,0.29,2144,0.38,0.999,5.45,-2.9,-301.1,0,0,-0.21,0.3264427684631909,1085.7,13.75,73,NAN
2024-09-16 15:45:00,103076,PNNL_32,113IN-SITU AT600 232 6,753.97,14.06,466.38,589.58,0.29,2144.2,0.38,0.999,5.42,-1.7,-301.3,0,0,-0.21,0.32325497476358817,1085.5,13.75,73,NAN
2024-09-16 16:00:00,103077,PNNL_32,113IN-SITU AT600 232 6,753.97,14.06,466.56,589.83,0.29,2143.3,0.38,0.999,5.44,-2.7,-301.3,0,0,-0.19,0.32470458896559773,1085.5,13.777,73,NAN
2024-09-16 16:15:00,103078,PNNL_32,113IN-SITU AT600 232 6,753.97,14.06,466.52,589.76,0.29,2143.6,0.38,0.999,5.44,-2.5,-301.2,0,0,-0.2,0.3285885594941101,1085.8,13.795,73,NAN
2024-09-16 16:30:00,103079,PNNL_32,113IN-SITU AT600 232 6,753.97,14.06,466.48,589.71,0.29,2143.7,0.38,0.999,5.44,-2.5,-301.2,0,0,-0.22,0.3262404710796535,1085.7,13.768,73,NAN
2024-09-16 16:45:00,103080,PNNL_32,113IN-SITU AT600 232 6,753.97,14.06,466.46,589.67,0.29,2143.8,0.38,0.999,5.42,-1.7,-301.4,0,0,-0.21,0.3248366305041449,1085.4,13.75,73,NAN
2024-09-16 17:00:00,103081,PNNL_32,113IN-SITU AT600 232 6,753.97,14.06,466.53,589.79,0.29,2143.5,0.38,0.999,5.44,-2.5,-301.6,0,0,-0.21,0.3249381562916958,1085.4,13.777,73,NAN
2024-09-16 17:15:00,103082,PNNL_32,113IN-SITU AT600 232 6,753.97,14.06,466.5,589.73,0.29,2143.6,0.38,0.999,5.43,-2.1,-301.4,0,0,-0.2,0.3266198294366747,1085.5,13.768,73,NAN
2024-09-16 17:30:00,103083,PNNL_32,113IN-SITU AT600 232 6,753.97,14.06,466.36,589.54,0.29,2144.3,0.38,0.999,5.43,-2,-301.3,0,0,-0.21,0.32778012415153285,1085.5,13.777,73,NAN
2024-09-16 17:45:00,103084,PNNL_32,113IN-SITU AT600 232 6,753.97,14.06,466.34,589.52,0.29,2144.3,0.38,0.999,5.45,-3.1,-301.5,0,0,-0.22,0.32908394732261764,1085.6,13.768,73,NAN
2024-09-16 18:00:00,103085,PNNL_32,113IN-SITU AT600 232 6,753.97,14.06,466.43,589.64,0.29,2144,0.38,0.999,5.44,-2.3,-301.6,0,0,-0.23,0.33056256889249797,1085.6,13.777,73,NAN
2024-09-16 18:15:00,103086,PNNL_32,113IN-SITU AT600 232 6,753.97,14.06,466.36,589.53,0.29,2144.3,0.38,0.999,5.44,-2.6,-301.3,0,0,-0.2,0.33034425944189794,1085.7,13.759,73,NAN
2024-09-16 18:30:00,103087,PNNL_32,113IN-SITU AT600 232 6,753.97,14.06,466.33,589.51,0.29,2144.4,0.38,0.999,5.46,-3.2,-301.4,0,0,-0.2,0.3293877704937044,1085.6,13.795,73,NAN
2024-09-16 18:45:00,103088,PNNL_32,113IN-SITU AT600 232 6,753.97,14.06,466.32,589.47,0.29,2144.4,0.38,0.999,5.46,-3.3,-301.6,0,0,-0.21,0.33108168474792377,1085.9,13.759,73,NAN
2024-09-16 19:00:00,103089,PNNL_32,113IN-SITU AT600 232 6,753.97,14.06,466.38,589.59,0.29,2144.2,0.38,0.999,5.46,-3.3,-301.7,0,0,-0.21,0.3300961884318611,1085.9,13.777,73,NAN
2024-09-16 19:15:00,103090,PNNL_32,113IN-SITU AT600 232 6,753.97,14.06,466.43,589.61,0.29,2144,0.38,0.999,5.45,-2.8,-301.4,0,0,-0.2,0.32967633578928973,1085.8,13.768,73,NAN
2024-09-16 19:30:00,103091,PNNL_32,113IN-SITU AT600 232 6,753.97,14.06,466.36,589.53,0.29,2144.3,0.38,0.999,5.45,-3,-301.5,0,0,-0.2,0.3311549573591684,1085.9,13.768,73,NAN
2024-09-16 19:45:00,103092,PNNL_32,113IN-SITU AT600 232 6,753.97,14.06,466.27,589.41,0.29,2144.7,0.38,0.999,5.44,-2.6,-301.6,0,0,-0.21,0.33184962580495414,1086,13.786,73,NAN
2024-09-16 20:00:00,103093,PNNL_32,113IN-SITU AT600 232 6,753.97,14.06,466.28,589.42,0.29,2144.7,0.38,0.999,5.44,-2.6,-301.7,0,0,-0.2,0.33215420316760363,1086,13.75,73,NAN
2024-09-16 20:15:00,103094,PNNL_32,113IN-SITU AT600 232 6,753.97,14.06,466.29,589.43,0.29,2144.6,0.38,0.999,5.43,-2.2,-301.5,0,0,-0.2,0.331935893717002,1086,13.768,73,NAN
2024-09-16 20:30:00,103095,PNNL_32,113IN-SITU AT600 232 6,753.97,14.06,466.3,589.45,0.29,2144.5,0.38,0.999,5.44,-2.6,-301.6,0,0,-0.2,0.32896414689330933,1085.9,13.75,73,NAN
2024-09-16 20:45:00,103096,PNNL_32,113IN-SITU AT600 232 6,753.97,14.06,466.26,589.4,0.29,2144.7,0.38,0.999,5.44,-2.6,-301.8,0,0,-0.22,0.3313259848001386,1086.2,13.768,73,NAN
2024-09-16 21:00:00,103097,PNNL_32,113IN-SITU AT600 232 6,753.97,14.06,466.36,589.53,0.29,2144.2,0.38,0.999,5.44,-2.3,-301.8,0,0,-0.2,0.33013668271740804,1086.2,13.75,73,NAN
2024-09-16 21:15:00,103098,PNNL_32,113IN-SITU AT600 232 6,753.97,14.06,466.28,589.41,0.29,2144.6,0.38,0.999,5.44,-2.6,-301.6,0,0,-0.21,0.33018094796077857,1086.1,13.75,73,NAN
2024-09-16 21:30:00,103099,PNNL_32,113IN-SITU AT600 232 6,753.97,14.06,466.3,589.44,0.29,2144.5,0.38,0.999,5.45,-3.2,-301.6,0,0,-0.21,0.3296168126704161,1086,13.768,73,NAN
2024-09-16 21:45:00,103100,PNNL_32,113IN-SITU AT600 232 6,753.97,14.06,466.26,589.39,0.29,2144.7,0.38,0.999,5.43,-2.3,-301.9,0,0,-0.22,0.32980611475314703,1085.8,13.768,73,NAN
2024-09-16 22:00:00,103101,PNNL_32,113IN-SITU AT600 232 6,753.97,14.06,466.25,589.37,0.29,2144.8,0.38,0.999,5.46,-3.3,-301.7,0,0,-0.21,0.33296565527643684,1086.1,13.768,73,NAN
2024-09-16 22:15:00,103102,PNNL_32,113IN-SITU AT600 232 6,753.97,14.06,466.2,589.31,0.29,2145,0.38,0.999,5.45,-3.2,-301.6,0,0,-0.2,0.3307335963334665,1086,13.786,73,NAN
2024-09-16 22:30:00,103103,PNNL_32,113IN-SITU AT600 232 6,753.97,14.06,466.29,589.4,0.29,2144.6,0.38,0.999,5.44,-2.5,-301.6,0,0,-0.21,0.3301839647270394,1085.8,13.759,73,NAN
2024-09-16 22:45:00,103104,PNNL_32,113IN-SITU AT600 232 6,753.97,14.06,466.26,589.36,0.29,2144.7,0.38,0.999,5.44,-2.4,-301.8,0,0,-0.23,0.33002517839531303,1085.7,13.777,73,NAN
2024-09-16 23:00:00,103105,PNNL_32,113IN-SITU AT600 232 6,753.97,14.06,466.29,589.41,0.29,2144.6,0.38,0.999,5.43,-1.9,-302,0,0,-0.21,0.3302869988977192,1085.7,13.75,73,NAN
2024-09-16 23:15:00,103106,PNNL_32,113IN-SITU AT600 232 6,753.97,14.06,466.26,589.36,0.29,2144.7,0.38,0.999,5.44,-2.6,-301.8,0,0,-0.22,0.33292666937402043,1085.7,13.741,73,NAN
2024-09-16 23:30:00,103107,PNNL_32,113IN-SITU AT600 232 6,753.97,14.06,466.16,589.23,0.29,2145.2,0.38,0.999,5.44,-2.4,-301.9,0,0,-0.2,0.3342457504206066,1085.7,13.768,73,NAN
2024-09-16 23:45:00,103108,PNNL_32,113IN-SITU AT600 232 6,753.97,14.06,466.1,589.15,0.29,2145.5,0.38,0.999,5.42,-1.8,-302.1,0,0,-0.21,0.3331304751406834,1085.6,13.786,73,NAN
2024-09-17 00:00:00,103109,PNNL_32,113IN-SITU AT600 232 6,753.97,14.06,466.09,589.15,0.29,2145.5,0.38,0.999,5.46,-3.5,-302.2,0,0,-0.21,0.3334945756222065,1085.5,13.75,73,NAN
2024-09-17 00:15:00,103110,PNNL_32,113IN-SITU AT600 232 6,753.97,14.07,466.06,589.09,0.29,2145.6,0.38,0.999,5.44,-2.7,-302,0,0,-0.19,0.33227852874630004,1085.3,13.786,73,NAN
2024-09-17 00:30:00,103111,PNNL_32,113IN-SITU AT600 232 6,753.97,14.07,466.05,589.08,0.29,2145.7,0.38,0.999,5.43,-2.3,-302.1,0,0,-0.23,0.33330753611417213,1085.3,13.777,73,NAN
2024-09-17 00:45:00,103112,PNNL_32,113IN-SITU AT600 232 6,753.97,14.07,465.99,589.01,0.29,2145.9,0.38,0.999,5.44,-2.4,-302.4,0,0,-0.2,0.33165562452863007,1085.2,13.777,73,NAN
2024-09-17 01:00:00,103113,PNNL_32,113IN-SITU AT600 232 6,753.97,14.07,466.04,589.06,0.29,2145.7,0.38,0.999,5.44,-2.4,-302.4,0,0,-0.2,0.33120827290131666,1085,13.777,73,NAN
2024-09-17 01:15:00,103114,PNNL_32,113IN-SITU AT600 232 6,753.97,14.07,466.01,589.01,0.29,2145.9,0.38,0.999,5.44,-2.6,-302.3,0,0,-0.21,0.331499854963158,1084.8,13.777,73,NAN
2024-09-17 01:30:00,103115,PNNL_32,113IN-SITU AT600 232 6,753.97,14.07,465.98,588.98,0.29,2146,0.38,0.999,5.45,-2.9,-302.3,0,0,-0.2,0.33395173173986037,1084.7,13.759,73,NAN
2024-09-17 01:45:00,103116,PNNL_32,113IN-SITU AT600 232 6,753.97,14.07,465.96,588.96,0.29,2146.1,0.38,0.999,5.44,-2.6,-302.5,0,0,-0.2,0.33173643905551864,1084.4,13.759,73,NAN
2024-09-17 02:00:00,103117,PNNL_32,113IN-SITU AT600 232 6,753.97,14.07,465.9,588.89,0.29,2146.4,0.38,0.999,5.44,-2.8,-302.7,0,0,-0.23,0.3318677264025031,1084.3,13.75,73,NAN
2024-09-17 02:15:00,103118,PNNL_32,113IN-SITU AT600 232 6,753.97,14.07,465.89,588.87,0.29,2146.4,0.38,0.999,5.44,-2.7,-302.4,0,0,-0.22,0.3355058884956752,1084.5,13.786,73,NAN
2024-09-17 02:30:00,103119,PNNL_32,113IN-SITU AT600 232 6,753.97,14.07,465.91,588.87,0.29,2146.4,0.38,0.999,5.44,-2.7,-302.5,0,0,-0.21,0.33226083425189695,1084.2,13.777,73,NAN
2024-09-17 02:45:00,103120,PNNL_32,113IN-SITU AT600 232 6,753.97,14.07,465.94,588.9,0.29,2146.2,0.38,0.999,5.43,-1.9,-302.6,0,0,-0.22,0.33387074316876336,1084.2,13.786,73,NAN
2024-09-17 03:00:00,103121,PNNL_32,113IN-SITU AT600 232 6,753.97,14.07,466.09,589.13,0.29,2145.5,0.38,0.999,5.44,-2.5,-302.7,0,0,-0.21,0.3337844752567122,1084.1,13.759,73,NAN
2024-09-17 03:15:00,103122,PNNL_32,113IN-SITU AT600 232 6,753.97,14.07,466.04,589.04,0.29,2145.7,0.38,0.999,5.44,-2.4,-302.5,0,0,-0.2,0.33459592736554866,1084.2,13.786,73,NAN
2024-09-17 03:30:00,103123,PNNL_32,113IN-SITU AT600 232 6,753.97,14.07,466.03,589.01,0.29,2145.8,0.38,0.999,5.44,-2.3,-302.5,0,0,-0.21,0.3312623426350294,1084,13.768,73,NAN
2024-09-17 03:45:00,103124,PNNL_32,113IN-SITU AT600 232 6,753.97,14.07,466,588.98,0.29,2145.9,0.38,0.999,5.45,-2.8,-302.7,0,0,-0.21,0.33463943841735644,1084.2,13.759,73,NAN
2024-09-17 04:00:00,103125,PNNL_32,113IN-SITU AT600 232 6,753.97,14.07,465.94,588.92,0.29,2146.2,0.38,0.999,5.46,-3.4,-302.9,0,0,-0.21,0.3352195857747847,1084.2,13.786,73,NAN
2024-09-17 04:15:00,103126,PNNL_32,113IN-SITU AT600 232 6,753.97,14.07,465.94,588.9,0.29,2146.2,0.38,0.999,5.44,-2.6,-302.6,0,0,-0.21,0.3348860010442628,1084.2,13.777,73,NAN
2024-09-17 04:30:00,103127,PNNL_32,113IN-SITU AT600 232 6,753.97,14.07,465.9,588.84,0.29,2146.4,0.38,0.999,5.45,-3,-302.6,0,0,-0.21,0.333637930034228,1084.3,13.777,73,NAN
2024-09-17 04:45:00,103128,PNNL_32,113IN-SITU AT600 232 6,753.97,14.07,465.96,588.92,0.29,2146.1,0.38,0.999,5.44,-2.6,-302.8,0,0,-0.19,0.33260816847479147,1084.2,13.759,73,NAN
2024-09-17 05:00:00,103129,PNNL_32,113IN-SITU AT600 232 6,753.97,14.07,465.98,588.95,0.29,2146,0.38,0.999,5.43,-2.2,-302.9,0,0,-0.22,0.3335799152984848,1084.3,13.786,73,NAN
2024-09-17 05:15:00,103130,PNNL_32,113IN-SITU AT600 232 6,753.97,14.07,465.91,588.86,0.29,2146.3,0.38,0.999,5.45,-3,-302.7,0,0,-0.21,0.3331890700237842,1084.2,13.75,73,NAN
2024-09-17 05:30:00,103131,PNNL_32,113IN-SITU AT600 232 6,753.97,14.07,465.84,588.76,0.29,2146.7,0.38,0.999,5.44,-2.5,-302.7,0,0,-0.22,0.3322188315832213,1084.1,13.795,73,NAN
2024-09-17 05:45:00,103132,PNNL_32,113IN-SITU AT600 232 6,753.97,14.07,465.79,588.71,0.29,2146.9,0.38,0.999,5.46,-3.3,-302.9,0,0,-0.23,0.3342760921273994,1084.2,13.777,73,NAN
2024-09-17 06:00:00,103133,PNNL_32,113IN-SITU AT600 232 6,753.97,14.07,465.83,588.75,0.29,2146.7,0.38,0.999,5.45,-2.9,-303.1,0,0,-0.23,0.3316219179671628,1084.3,13.777,73,NAN
2024-09-17 06:15:00,103134,PNNL_32,113IN-SITU AT600 232 6,753.97,14.07,465.8,588.71,0.29,2146.8,0.38,0.999,5.44,-2.3,-302.9,0,0,-0.2,0.33347537274467465,1084.5,13.786,73,NAN
2024-09-17 06:30:00,103135,PNNL_32,113IN-SITU AT600 232 6,753.97,14.07,465.81,588.69,0.29,2146.8,0.38,0.999,5.43,-1.9,-302.9,0,0,-0.2,0.3307646922318253,1084.4,13.759,73,NAN
2024-09-17 06:45:00,103136,PNNL_32,113IN-SITU AT600 232 6,753.97,14.07,465.81,588.71,0.29,2146.8,0.38,0.999,5.46,-3.4,-303.1,0,0,-0.2,0.3325471369727891,1084.5,13.768,73,NAN
2024-09-17 07:00:00,103137,PNNL_32,113IN-SITU AT600 232 6,753.97,14.07,465.83,588.74,0.29,2146.7,0.38,0.999,5.42,-1.5,-302.9,0,0,-0.2,0.3319532401229915,1084.5,13.768,73,NAN
2024-09-17 07:15:00,103138,PNNL_32,113IN-SITU AT600 232 6,753.97,14.07,465.78,588.65,0.29,2147,0.38,0.999,5.43,-2,-302.7,0,0,-0.19,0.3294746185531099,1084.3,13.786,73,NAN
2024-09-17 07:30:00,103139,PNNL_32,113IN-SITU AT600 232 6,753.97,14.07,465.76,588.62,0.29,2147,0.38,0.999,5.43,-2,-302.6,0,0,-0.2,0.330648662760339,1084.4,13.768,73,NAN
2024-09-17 07:45:00,103140,PNNL_32,113IN-SITU AT600 232 6,753.97,14.07,465.72,588.58,0.29,2147.2,0.38,0.999,5.41,-1.2,-302.8,0,0,-0.2,0.32925630910250986,1084.4,13.768,73,NAN
2024-09-17 08:00:00,103141,PNNL_32,113IN-SITU AT600 232 6,753.97,14.07,465.71,588.59,0.29,2147.3,0.38,0.999,5.45,-2.8,-302.8,0,0,-0.18,0.3289524859314231,1084.3,13.777,73,NAN
2024-09-17 08:15:00,103142,PNNL_32,113IN-SITU AT600 232 6,753.97,14.07,465.65,588.49,0.29,2147.5,0.38,0.999,5.43,-2.2,-302.7,0,0,-0.2,0.32775094273945204,1084.1,13.75,73,NAN
2024-09-17 08:30:00,103143,PNNL_32,113IN-SITU AT600 232 6,753.97,14.07,465.42,588.19,0.29,2148.6,0.38,0.999,5.44,-2.3,-302.6,0,0,-0.21,0.3277807042988905,1084,13.786,73,NAN
2024-09-17 08:45:00,103144,PNNL_32,113IN-SITU AT600 232 6,753.97,14.07,465.4,588.17,0.29,2148.7,0.38,0.999,5.43,-2.2,-302.6,0,0,-0.22,0.329054011718974,1084.4,13.786,73,NAN
2024-09-17 09:00:00,103145,PNNL_32,113IN-SITU AT600 232 6,753.97,14.07,465.47,588.27,0.29,2148.4,0.38,0.999,5.42,-1.7,-302.5,0,0,-0.19,0.32854713697279037,1084.2,13.75,73,NAN
2024-09-17 09:15:00,103146,PNNL_32,113IN-SITU AT600 232 6,753.97,14.07,465.48,588.26,0.29,2148.3,0.38,0.999,5.43,-2.1,-302.3,0,0,-0.2,0.32877995010732575,1084.1,13.768,73,NAN
2024-09-17 09:30:00,103147,PNNL_32,113IN-SITU AT600 232 6,753.97,14.07,465.51,588.28,0.29,2148.2,0.38,0.999,5.43,-2,-302.2,0,0,-0.23,0.3266639206358401,1084,13.759,73,NAN
2024-09-17 09:45:00,103148,PNNL_32,113IN-SITU AT600 232 6,753.97,14.07,465.51,588.28,0.29,2148.2,0.38,0.999,5.43,-2,-302.3,0,0,-0.21,0.32611353483784866,1083.9,13.75,73,NAN
2024-09-17 10:00:00,103149,PNNL_32,113IN-SITU AT600 232 6,753.97,14.07,465.52,588.32,0.29,2148.1,0.38,0.999,5.43,-2.2,-302.3,0,0,-0.21,0.32730283692057754,1084,13.75,73,NAN
2024-09-17 10:15:00,103150,PNNL_32,113IN-SITU AT600 232 6,753.97,14.07,465.45,588.21,0.29,2148.5,0.38,0.999,5.44,-2.6,-302.2,0,0,-0.21,0.3274326158844332,1084.1,13.777,73,NAN
2024-09-17 10:30:00,103151,PNNL_32,113IN-SITU AT600 232 6,753.97,14.07,465.48,588.24,0.29,2148.3,0.38,0.999,5.41,-1.3,-302.2,0,0,-0.21,0.3270707779776066,1084,13.804,73,NAN
2024-09-17 10:45:00,103152,PNNL_32,113IN-SITU AT600 232 6,753.97,14.07,465.46,588.21,0.29,2148.4,0.38,0.999,5.41,-1.1,-302.3,0,0,-0.19,0.3260432789928633,1083.7,13.768,73,NAN
2024-09-17 11:00:00,103153,PNNL_32,113IN-SITU AT600 232 6,753.97,14.07,465.44,588.23,0.29,2148.5,0.38,0.999,5.39,-0.4,-302.4,0,0,-0.2,0.3296539421012918,1083.8,13.786,73,NAN
2024-09-17 11:15:00,103154,PNNL_32,113IN-SITU AT600 232 6,753.97,14.07,465.54,588.32,0.29,2148,0.38,0.999,5.43,-2.3,-302.1,0,0,-0.21,0.3270172883912498,1083.5,13.777,73,NAN
2024-09-17 11:30:00,103155,PNNL_32,113IN-SITU AT600 232 6,753.97,14.07,465.4,588.14,0.29,2148.7,0.38,0.999,5.41,-1.1,-302.3,0,0,-0.21,0.32817909148923846,1083.4,13.759,73,NAN
2024-09-17 11:45:00,103156,PNNL_32,113IN-SITU AT600 232 6,753.97,14.08,465.46,588.2,0.29,2148.4,0.38,0.999,5.39,-0.3,-302.5,0,0,-0.22,0.3267302314787966,1083.3,13.786,73,NAN
2024-09-17 12:00:00,103157,PNNL_32,113IN-SITU AT600 232 6,753.97,14.07,465.4,588.14,0.29,2148.7,0.38,0.999,5.43,-2.2,-302.6,0,0,-0.2,0.3264989267273884,1083.2,13.75,73,NAN
2024-09-17 12:15:00,103158,PNNL_32,113IN-SITU AT600 232 6,753.97,14.07,465.32,588.03,0.29,2149,0.38,0.999,5.45,-2.8,-302.5,0,0,-0.22,0.3280355630330102,1083.2,13.768,73,NAN
2024-09-17 12:30:00,103159,PNNL_32,113IN-SITU AT600 232 6,753.97,14.08,465.35,588.06,0.29,2148.9,0.38,0.999,5.41,-1.2,-302.6,0,0,-0.22,0.32916760457156036,1083.2,13.759,73,NAN
2024-09-17 12:45:00,103160,PNNL_32,113IN-SITU AT600 232 6,753.97,14.08,465.23,587.89,0.29,2149.5,0.38,0.999,5.4,-0.8,-302.7,0,0,-0.23,0.3274874398097103,1083,13.777,73,NAN
2024-09-17 13:00:00,103161,PNNL_32,113IN-SITU AT600 232 6,753.97,14.07,465.29,587.99,0.29,2149.2,0.38,0.999,5.43,-2.1,-302.6,0,0,-0.21,0.3264461913325977,1082.7,13.75,73,NAN
2024-09-17 13:15:00,103162,PNNL_32,113IN-SITU AT600 232 6,753.97,14.08,465.2,587.85,0.29,2149.6,0.38,0.999,5.41,-1.2,-302.6,0,0,-0.21,0.32833091605267517,1082.8,13.759,73,NAN
2024-09-17 13:30:00,103163,PNNL_32,113IN-SITU AT600 232 6,753.97,14.08,465.22,587.89,0.29,2149.5,0.38,0.999,5.4,-0.7,-302.6,0,0,-0.21,0.3278828102337974,1082.7,13.75,73,NAN
2024-09-17 13:45:00,103164,PNNL_32,113IN-SITU AT600 232 6,753.97,14.08,465.25,587.93,0.29,2149.4,0.38,0.999,5.41,-1,-303,0,0,-0.22,0.3300438591402196,1082.6,13.732,73,NAN
2024-09-17 14:00:00,103165,PNNL_32,113IN-SITU AT600 232 6,753.97,14.08,465.06,587.7,0.29,2150.2,0.38,0.999,5.42,-1.4,-303.2,0,0,-0.21,0.3305659917619064,1082.7,13.768,73,NAN
2024-09-17 14:15:00,103166,PNNL_32,113IN-SITU AT600 232 6,753.97,14.08,465.01,587.62,0.29,2150.5,0.38,0.999,5.43,-2.1,-303.4,0,0,-0.2,0.33339270174624197,1082.8,13.786,73,NAN
2024-09-17 14:30:00,103167,PNNL_32,113IN-SITU AT600 232 6,753.97,14.08,464.6,587.09,0.29,2152.4,0.38,0.999,5.44,-2.4,-304.2,0,0,-0.21,0.3338865811916224,1082.7,13.768,73,NAN
2024-09-17 14:45:00,103168,PNNL_32,113IN-SITU AT600 232 6,753.97,14.08,464.63,587.13,0.29,2152.2,0.38,0.999,5.44,-2.3,-304.8,0,0,-0.21,0.3329025932586869,1082.5,13.768,73,NAN
2024-09-17 15:00:00,103169,PNNL_32,113IN-SITU AT600 232 6,753.97,14.08,464.55,587.04,0.29,2152.6,0.38,0.999,5.44,-2.5,-305,0,0,-0.2,0.33325219005627466,1082.4,13.759,73,NAN
2024-09-17 15:15:00,103170,PNNL_32,113IN-SITU AT600 232 6,753.97,14.08,464.25,586.62,0.29,2154,0.38,0.999,5.43,-2,-305.5,0,0,-0.2,0.3323254626675179,1082.2,13.759,73,NAN
2024-09-17 15:30:00,103171,PNNL_32,113IN-SITU AT600 232 6,753.97,14.08,463.92,586.22,0.29,2155.5,0.38,0.999,5.42,-1.4,-306.1,0,0,-0.2,0.3336017868538607,1082.2,13.759,73,NAN
2024-09-17 15:45:00,103172,PNNL_32,113IN-SITU AT600 232 6,753.97,14.08,463.18,585.28,0.29,2159,0.38,0.999,5.43,-2.3,-307.6,0,0,-0.21,0.3345880373614894,1082.2,13.795,73,NAN
2024-09-17 16:00:00,103173,PNNL_32,113IN-SITU AT600 232 6,753.97,14.08,463.26,585.39,0.29,2158.6,0.38,0.999,5.48,-4.5,-307.4,0,0,-0.21,0.3348208504960248,1082.1,13.759,73,NAN
2024-09-17 16:15:00,103174,PNNL_32,113IN-SITU AT600 232 6,753.97,14.08,463.23,585.34,0.29,2158.8,0.38,0.999,5.43,-2.2,-307.3,0,0,-0.21,0.33743075941289086,1082.2,13.759,73,NAN
2024-09-17 16:30:00,103175,PNNL_32,113IN-SITU AT600 232 6,753.97,14.08,463.33,585.45,0.29,2158.3,0.38,0.999,5.44,-2.3,-307.3,0,0,-0.22,0.3354307594128882,1082.1,13.759,73,NAN
2024-09-17 16:45:00,103176,PNNL_32,113IN-SITU AT600 232 6,753.97,14.08,463.27,585.37,0.29,2158.6,0.38,0.999,5.43,-2.1,-307.6,0,0,-0.21,0.3400391599466248,1082.4,13.786,73,NAN
2024-09-17 17:00:00,103177,PNNL_32,113IN-SITU AT600 232 6,753.97,14.08,463.4,585.56,0.29,2158,0.38,0.999,5.43,-2.3,-307.8,0,0,-0.21,0.33837349886871343,1082.2,13.768,73,NAN
2024-09-17 17:15:00,103178,PNNL_32,113IN-SITU AT600 232 6,753.97,14.08,463.43,585.57,0.29,2157.8,0.38,0.999,5.42,-1.5,-307.5,0,0,-0.21,0.33973759935023456,1082.1,13.75,73,NAN
2024-09-17 17:30:00,103179,PNNL_32,113IN-SITU AT600 232 6,753.97,14.08,463.41,585.56,0.29,2157.9,0.38,0.999,5.43,-1.9,-307.4,0,0,-0.21,0.34033149620003544,1082.2,13.786,73,NAN
2024-09-17 17:45:00,103180,PNNL_32,113IN-SITU AT600 232 6,753.97,14.08,463.43,585.58,0.29,2157.8,0.38,0.999,5.44,-2.4,-307.6,0,0,-0.2,0.341562046759874,1082.4,13.75,73,NAN
2024-09-17 18:00:00,103181,PNNL_32,113IN-SITU AT600 232 6,753.97,14.08,463.34,585.49,0.29,2158.3,0.38,0.999,5.45,-2.8,-307.7,0,0,-0.18,0.3407658525265406,1082.3,13.759,73,NAN
2024-09-17 18:15:00,103182,PNNL_32,113IN-SITU AT600 232 6,753.97,14.08,463.32,585.45,0.29,2158.3,0.38,0.999,5.44,-2.5,-307.7,0,0,-0.21,0.3433910193189048,1082.3,13.777,73,NAN
2024-09-17 18:30:00,103183,PNNL_32,113IN-SITU AT600 232 6,753.97,14.08,463.32,585.42,0.29,2158.3,0.38,0.999,5.42,-1.6,-307.8,0,0,-0.2,0.34047728723095527,1082.2,13.759,73,NAN
2024-09-17 18:45:00,103184,PNNL_32,113IN-SITU AT600 232 6,753.97,14.08,463.34,585.45,0.29,2158.2,0.38,0.999,5.42,-1.5,-307.9,0,0,-0.22,0.3443620119510354,1082.3,13.741,73,NAN
2024-09-17 19:00:00,103185,PNNL_32,113IN-SITU AT600 232 6,753.97,14.08,463.41,585.55,0.29,2157.9,0.38,0.999,5.42,-1.7,-307.9,0,0,-0.21,0.3441146951325613,1082.4,13.777,73,NAN
2024-09-17 19:15:00,103186,PNNL_32,113IN-SITU AT600 232 6,753.97,14.08,463.39,585.51,0.29,2158,0.38,0.999,5.42,-1.8,-307.7,0,0,-0.2,0.34095364622614105,1082.4,13.759,73,NAN
2024-09-17 19:30:00,103187,PNNL_32,113IN-SITU AT600 232 6,753.97,14.08,463.36,585.47,0.29,2158.1,0.38,0.999,5.41,-1.1,-307.7,0,0,-0.21,0.3409093809827672,1082.5,13.759,73,NAN
2024-09-17 19:45:00,103188,PNNL_32,113IN-SITU AT600 232 6,753.97,14.08,463.32,585.41,0.29,2158.3,0.38,0.999,5.44,-2.3,-307.9,0,0,-0.21,0.34195138365144584,1082.6,13.786,73,NAN
2024-09-17 20:00:00,103189,PNNL_32,113IN-SITU AT600 232 6,753.97,14.08,463.34,585.46,0.29,2158.2,0.38,0.999,5.45,-3,-308,0,0,-0.21,0.3414430005221317,1082.7,13.777,73,NAN
2024-09-17 20:15:00,103190,PNNL_32,113IN-SITU AT600 232 6,753.97,14.08,463.31,585.39,0.29,2158.4,0.38,0.999,5.45,-2.9,-307.9,0,0,-0.22,0.33953002262574794,1082.6,13.768,73,NAN
2024-09-17 20:30:00,103191,PNNL_32,113IN-SITU AT600 232 6,753.97,14.08,463.35,585.46,0.29,2158.2,0.38,0.999,5.43,-2.1,-308,0,0,-0.22,0.3395605383767458,1082.4,13.75,73,NAN
2024-09-17 20:45:00,103192,PNNL_32,113IN-SITU AT600 232 6,753.97,14.08,463.3,585.37,0.29,2158.5,0.38,0.999,5.43,-2.1,-308.2,0,0,-0.22,0.33902541045425416,1082.3,13.75,73,NAN
2024-09-17 21:00:00,103193,PNNL_32,113IN-SITU AT600 232 6,753.97,14.08,463.36,585.47,0.29,2158.1,0.38,0.999,5.4,-0.6,-308.1,0,0,-0.21,0.33975210303416997,1082.1,13.777,73,NAN
2024-09-17 21:15:00,103194,PNNL_32,113IN-SITU AT600 232 6,753.97,14.08,463.31,585.39,0.29,2158.4,0.38,0.999,5.42,-1.7,-307.9,0,0,-0.22,0.34012769043336916,1082.3,13.777,73,NAN
2024-09-17 21:30:00,103195,PNNL_32,113IN-SITU AT600 232 6,753.97,14.08,463.27,585.34,0.29,2158.6,0.38,0.999,5.4,-0.8,-307.9,0,0,-0.21,0.34172460404942734,1082.2,13.759,73,NAN
2024-09-17 21:45:00,103196,PNNL_32,113IN-SITU AT600 232 6,753.97,14.08,463.23,585.28,0.29,2158.8,0.38,0.999,5.4,-0.5,-308.2,0,0,-0.2,0.3420146777281415,1082.1,13.786,73,NAN
2024-09-17 22:00:00,103197,PNNL_32,113IN-SITU AT600 232 6,753.97,14.08,463.24,585.31,0.29,2158.7,0.38,0.999,5.43,-1.8,-308.3,0,0,-0.21,0.34134826245866207,1082.1,13.768,73,NAN
2024-09-17 22:15:00,103198,PNNL_32,113IN-SITU AT600 232 6,753.97,14.08,463.2,585.25,0.29,2158.9,0.38,0.999,5.4,-0.9,-308.2,0,0,-0.21,0.3413635203341651,1082,13.768,73,NAN
2024-09-17 22:30:00,103199,PNNL_32,113IN-SITU AT600 232 6,753.97,14.08,463.19,585.22,0.29,2158.9,0.38,0.999,5.43,-2,-308.3,0,0,-0.21,0.34174137030805596,1081.9,13.759,73,NAN
2024-09-17 22:45:00,103200,PNNL_32,113IN-SITU AT600 232 6,753.97,14.08,463.11,585.12,0.29,2159.3,0.38,0.999,5.41,-1.2,-308.5,0,0,-0.23,0.3394528050124696,1081.7,13.759,73,NAN
2024-09-17 23:00:00,103201,PNNL_32,113IN-SITU AT600 232 6,753.97,14.08,463.23,585.29,0.29,2158.7,0.38,0.999,5.4,-0.7,-308.6,0,0,-0.22,0.34019173870162756,1081.7,13.759,73,NAN
2024-09-17 23:15:00,103202,PNNL_32,113IN-SITU AT600 232 6,753.97,14.08,463.15,585.18,0.29,2159.1,0.38,0.999,5.4,-0.5,-308.3,0,0,-0.21,0.34056958867552,1081.6,13.768,73,NAN
2024-09-17 23:30:00,103203,PNNL_32,113IN-SITU AT600 232 6,753.97,14.08,463.1,585.1,0.29,2159.3,0.38,0.999,5.4,-0.7,-308.4,0,0,-0.22,0.3419459302662866,1081.8,13.759,73,NAN
2024-09-17 23:45:00,103204,PNNL_32,113IN-SITU AT600 232 6,753.97,14.08,463.08,585.06,0.29,2159.5,0.38,0.999,5.41,-1.2,-308.6,0,0,-0.22,0.3399619423333531,1081.5,13.795,73,NAN
2024-09-18 00:00:00,103205,PNNL_32,113IN-SITU AT600 232 6,753.97,14.08,462.93,584.89,0.29,2160.1,0.38,0.999,5.41,-1.1,-308.6,0,0,-0.21,0.34186267912049473,1081.5,13.759,73,NAN
2024-09-18 00:15:00,103206,PNNL_32,113IN-SITU AT600 232 6,753.97,14.08,462.8,584.72,0.29,2160.7,0.38,0.999,5.42,-1.4,-308.9,0,0,-0.2,0.34432755119800534,1081.4,13.759,73,NAN
2024-09-18 00:30:00,103207,PNNL_32,113IN-SITU AT600 232 6,753.97,14.09,462.69,584.55,0.28,2161.3,0.38,0.999,5.41,-1,-309.1,0,0,-0.2,0.3422137843012096,1081.2,13.759,73,NAN
2024-09-18 00:45:00,103208,PNNL_32,113IN-SITU AT600 232 6,753.97,14.09,462.6,584.43,0.28,2161.7,0.38,0.999,5.42,-1.5,-309.5,0,0,-0.23,0.3420412484771106,1081,13.795,73,NAN
2024-09-18 01:00:00,103209,PNNL_32,113IN-SITU AT600 232 6,753.97,14.08,462.15,583.88,0.28,2163.8,0.38,0.999,5.4,-0.7,-310.3,0,0,-0.2,0.34547786737831293,1081.1,13.786,73,NAN
2024-09-18 01:15:00,103210,PNNL_32,113IN-SITU AT600 232 6,753.97,14.08,462.09,583.81,0.28,2164.1,0.38,0.999,5.42,-1.6,-310.2,0,0,-0.22,0.3448274641758993,1080.9,13.786,73,NAN
2024-09-18 01:30:00,103211,PNNL_32,113IN-SITU AT600 232 6,753.97,14.09,462.31,584.07,0.28,2163,0.38,0.999,5.4,-0.5,-309.9,0,0,-0.2,0.34766943203573636,1080.9,13.786,73,NAN
2024-09-18 01:45:00,103212,PNNL_32,113IN-SITU AT600 232 6,753.97,14.08,462.42,584.22,0.28,2162.5,0.38,0.999,5.38,0.1,-309.9,0,0,-0.22,0.346743458838544,1080.7,13.75,73,NAN
2024-09-18 02:00:00,103213,PNNL_32,113IN-SITU AT600 232 6,753.97,14.08,462.46,584.29,0.28,2162.4,0.38,0.999,5.44,-2.6,-309.9,0,0,-0.21,0.34680222776584996,1080.7,13.768,73,NAN
2024-09-18 02:15:00,103214,PNNL_32,113IN-SITU AT600 232 6,753.97,14.09,462.54,584.37,0.28,2162,0.38,0.999,5.42,-1.6,-309.6,0,0,-0.2,0.34784649300922177,1080.7,13.75,73,NAN
2024-09-18 02:30:00,103215,PNNL_32,113IN-SITU AT600 232 6,753.97,14.09,462.59,584.43,0.28,2161.7,0.38,0.999,5.41,-1.1,-309.5,0,0,-0.22,0.3490205372164526,1080.7,13.786,73,NAN
2024-09-18 02:45:00,103216,PNNL_32,113IN-SITU AT600 232 6,753.97,14.09,462.62,584.46,0.28,2161.6,0.38,0.999,5.43,-2,-309.6,0,0,-0.2,0.3481670824389371,1080.5,13.759,73,NAN
2024-09-18 03:00:00,103217,PNNL_32,113IN-SITU AT600 232 6,753.97,14.08,462.67,584.53,0.28,2161.4,0.38,0.999,5.4,-0.7,-309.6,0,0,-0.21,0.35010982189476103,1080.6,13.777,73,NAN
2024-09-18 03:15:00,103218,PNNL_32,113IN-SITU AT600 232 6,753.97,14.09,462.63,584.47,0.28,2161.5,0.38,0.999,5.41,-1.3,-309.5,0,0,-0.22,0.3476334628995759,1080.3,13.768,73,NAN
2024-09-18 03:30:00,103219,PNNL_32,113IN-SITU AT600 232 6,753.97,14.09,462.63,584.46,0.28,2161.6,0.38,0.999,5.39,-0.3,-309.6,0,0,-0.2,0.34969298601844884,1080.3,13.759,73,NAN
2024-09-18 03:45:00,103220,PNNL_32,113IN-SITU AT600 232 6,753.97,14.09,462.65,584.5,0.28,2161.4,0.38,0.999,5.39,-0.3,-309.8,0,0,-0.19,0.34644717758310295,1079.9,13.768,73,NAN
2024-09-18 04:00:00,103221,PNNL_32,113IN-SITU AT600 232 6,753.97,14.09,462.54,584.35,0.28,2162,0.38,0.999,5.41,-1,-309.8,0,0,-0.2,0.34951818761965664,1080.3,13.759,73,NAN
2024-09-18 04:15:00,103222,PNNL_32,113IN-SITU AT600 232 6,753.97,14.09,462.55,584.35,0.28,2161.9,0.38,0.999,5.4,-0.7,-309.7,0,0,-0.2,0.35124186343330954,1080.5,13.768,73,NAN
2024-09-18 04:30:00,103223,PNNL_32,113IN-SITU AT600 232 6,753.97,14.09,462.54,584.35,0.28,2162,0.38,0.999,5.42,-1.4,-309.8,0,0,-0.21,0.34722735974937546,1080.3,13.768,73,NAN
2024-09-18 04:45:00,103224,PNNL_32,113IN-SITU AT600 232 6,753.97,14.09,462.34,584.08,0.28,2162.9,0.38,0.999,5.42,-1.7,-310.4,0,0,-0.22,0.3488357602831114,1080.4,13.786,73,NAN
2024-09-18 05:00:00,103225,PNNL_32,113IN-SITU AT600 232 6,753.97,14.09,462.16,583.89,0.28,2163.7,0.38,0.999,5.41,-1.2,-310.5,0,0,-0.21,0.3510823229100171,1080.5,13.768,73,NAN
2024-09-18 05:15:00,103226,PNNL_32,113IN-SITU AT600 232 6,753.97,14.09,462.47,584.24,0.28,2162.3,0.38,0.999,5.38,0.3,-310,0,0,-0.21,0.34966171607588,1080.4,13.768,73,NAN
2024-09-18 05:30:00,103227,PNNL_32,113IN-SITU AT600 232 6,753.97,14.09,462.04,583.7,0.28,2164.3,0.38,0.999,5.39,-0.1,-310.6,0,0,-0.22,0.3511548413296956,1080.6,13.768,73,NAN
2024-09-18 05:45:00,103228,PNNL_32,113IN-SITU AT600 232 6,753.97,14.09,462.14,583.82,0.28,2163.8,0.38,0.999,5.39,0,-310.7,0,0,-0.21,0.3511258339618249,1080.5,13.768,73,NAN
2024-09-18 06:00:00,103229,PNNL_32,113IN-SITU AT600 232 6,753.97,14.09,461.81,583.42,0.28,2165.4,0.38,0.999,5.42,-1.5,-311,0,0,-0.21,0.3574296571329097,1081,13.759,73,NAN
2024-09-18 06:15:00,103230,PNNL_32,113IN-SITU AT600 232 6,753.97,14.09,461.76,583.34,0.28,2165.6,0.38,0.999,5.4,-0.8,-311.2,0,0,-0.22,0.35922509717468165,1081.3,13.768,73,NAN
2024-09-18 06:30:00,103231,PNNL_32,113IN-SITU AT600 232 6,753.97,14.09,461.79,583.38,0.28,2165.5,0.38,0.999,5.37,0.6,-311.2,0,0,-0.22,0.3588029819574154,1081.5,13.768,73,NAN
2024-09-18 06:45:00,103232,PNNL_32,113IN-SITU AT600 232 6,753.97,14.09,461.58,583.11,0.28,2166.5,0.38,0.999,5.41,-0.9,-311.7,0,0,-0.21,0.36101902883332154,1081.7,13.759,73,NAN
2024-09-18 07:00:00,103233,PNNL_32,113IN-SITU AT600 232 6,753.97,14.09,461.43,582.95,0.28,2167.2,0.38,0.999,5.39,-0.4,-312.2,0,0,-0.23,0.3613663630562144,1081.8,13.795,73,NAN
2024-09-18 07:15:00,103234,PNNL_32,113IN-SITU AT600 232 6,753.97,14.09,461.4,582.88,0.28,2167.3,0.38,0.999,5.4,-0.9,-312.2,0,0,-0.23,0.3616984394036075,1081.9,13.759,73,NAN
2024-09-18 07:30:00,103235,PNNL_32,113IN-SITU AT600 232 6,753.97,14.09,461.29,582.75,0.28,2167.8,0.38,0.999,5.39,0,-312.5,0,0,-0.22,0.3627702036317197,1082.1,13.75,73,NAN
2024-09-18 07:45:00,103236,PNNL_32,113IN-SITU AT600 232 6,753.97,14.09,461.39,582.86,0.28,2167.4,0.38,0.999,5.38,0.3,-312.5,0,0,-0.22,0.3624946336369409,1082.1,13.795,73,NAN
2024-09-18 08:00:00,103237,PNNL_32,113IN-SITU AT600 232 6,753.97,14.09,461.9,583.52,0.28,2165,0.38,0.999,5.4,-0.8,-312.6,0,0,-0.21,0.36023356732609985,1081.9,13.741,73,NAN
2024-09-18 08:15:00,103238,PNNL_32,113IN-SITU AT600 232 6,753.97,14.09,462.03,583.68,0.28,2164.4,0.38,0.999,5.4,-0.4,-312.8,0,0,-0.22,0.3595809015489914,1081.9,13.777,73,NAN
2024-09-18 08:30:00,103239,PNNL_32,113IN-SITU AT600 232 6,753.97,14.09,462.01,583.66,0.28,2164.4,0.38,0.999,5.38,0.5,-312.9,0,0,-0.21,0.3581312873469835,1081.9,13.795,73,NAN
2024-09-18 08:45:00,103240,PNNL_32,113IN-SITU AT600 232 6,753.97,14.09,461.75,583.33,0.28,2165.7,0.38,0.999,5.42,-1.7,-313.5,0,0,-0.22,0.35699924580843334,1081.9,13.759,73,NAN
2024-09-18 09:00:00,103241,PNNL_32,113IN-SITU AT600 232 6,753.97,14.09,461.7,583.29,0.28,2165.9,0.38,0.999,5.42,-1.7,-314,0,0,-0.2,0.35760764634217124,1082,13.768,73,NAN
2024-09-18 09:15:00,103242,PNNL_32,113IN-SITU AT600 232 6,753.97,14.09,461.42,582.9,0.28,2167.2,0.38,0.999,5.42,-1.7,-314.6,0,0,-0.21,0.3579274815803189,1081.9,13.786,73,NAN
2024-09-18 09:30:00,103243,PNNL_32,113IN-SITU AT600 232 6,753.97,14.09,461.7,583.24,0.28,2165.9,0.38,0.999,5.41,-1.3,-314.6,0,0,-0.21,0.35807327261124033,1081.9,13.786,73,NAN
2024-09-18 09:45:00,103244,PNNL_32,113IN-SITU AT600 232 6,753.97,14.09,461.85,583.43,0.28,2165.2,0.38,0.999,5.41,-1,-314.6,0,0,-0.23,0.35788397052851273,1082,13.759,73,NAN
2024-09-18 10:00:00,103245,PNNL_32,113IN-SITU AT600 232 6,753.97,14.09,462.06,583.72,0.28,2164.2,0.38,0.999,5.42,-1.6,-314.8,0,0,-0.19,0.3609267273887568,1082.2,13.786,73,NAN
2024-09-18 10:15:00,103246,PNNL_32,113IN-SITU AT600 232 6,753.97,14.09,462.15,583.81,0.28,2163.8,0.38,0.999,5.41,-1.3,-315,0,0,-0.22,0.3611442826477924,1082.2,13.759,73,NAN
2024-09-18 10:30:00,103247,PNNL_32,113IN-SITU AT600 232 6,753.97,14.09,462.04,583.65,0.28,2164.3,0.38,0.999,5.41,-1.1,-315.6,0,0,-0.21,0.3600840053373547,1082.4,13.759,73,NAN
2024-09-18 10:45:00,103248,PNNL_32,113IN-SITU AT600 232 6,753.97,14.09,462.01,583.62,0.28,2164.5,0.38,0.999,5.42,-1.4,-316,0,0,-0.19,0.36114202007309587,1082.4,13.75,73,NAN
2024-09-18 11:00:00,103249,PNNL_32,113IN-SITU AT600 232 6,753.97,14.09,461.98,583.57,0.28,2164.6,0.38,0.999,5.4,-0.5,-316.5,0,0,-0.2,0.3624336021349418,1082.3,13.795,73,NAN
2024-09-18 11:15:00,103250,PNNL_32,113IN-SITU AT600 232 6,753.97,14.09,461.98,583.57,0.28,2164.6,0.38,0.999,5.41,-1.1,-316.9,0,0,-0.19,0.3588412136682707,1082,13.768,73,NAN
2024-09-18 11:30:00,103251,PNNL_32,113IN-SITU AT600 232 6,753.97,14.09,461.97,583.56,0.28,2164.7,0.38,0.999,5.37,1,-317.1,0,0,-0.2,0.35853889888031276,1081.7,13.759,73,NAN
2024-09-18 11:45:00,103252,PNNL_32,113IN-SITU AT600 232 6,753.97,14.09,462.04,583.65,0.28,2164.3,0.38,0.999,5.39,-0.1,-317.3,0,0,-0.21,0.35796025990601493,1081.6,13.759,73,NAN
2024-09-18 12:00:00,103253,PNNL_32,113IN-SITU AT600 232 6,753.97,14.09,462.44,584.17,0.28,2162.4,0.38,0.999,5.39,-0.1,-317.6,0,0,-0.2,0.35901902883332215,1081.6,13.786,73,NAN
2024-09-18 12:15:00,103254,PNNL_32,113IN-SITU AT600 232 6,753.97,14.09,462.43,584.16,0.28,2162.5,0.38,0.999,5.42,-1.6,-317.7,0,0,-0.21,0.35754191564657234,1081.4,13.759,73,NAN
2024-09-18 12:30:00,103255,PNNL_32,113IN-SITU AT600 232 6,753.97,14.09,462.5,584.22,0.28,2162.2,0.38,0.999,5.4,-0.8,-317.9,0,0,-0.21,0.3556594535011881,1081.1,13.759,73,NAN
2024-09-18 12:45:00,103256,PNNL_32,113IN-SITU AT600 232 6,753.97,14.09,462.57,584.31,0.28,2161.8,0.38,0.999,5.41,-1.1,-318.1,0,0,-0.21,0.3557762371642372,1081,13.786,73,NAN
2024-09-18 13:00:00,103257,PNNL_32,113IN-SITU AT600 232 6,753.97,14.09,462.73,584.52,0.28,2161.1,0.38,0.999,5.44,-2.4,-318.4,0,0,-0.21,0.35279149503973956,1080.7,13.777,73,NAN
2024-09-18 13:15:00,103258,PNNL_32,113IN-SITU AT600 232 6,753.97,14.09,462.75,584.52,0.28,2161,0.38,0.999,5.43,-2,-318.5,0,0,-0.22,0.35460520972326726,1080.7,13.795,73,NAN
2024-09-18 13:30:00,103259,PNNL_32,113IN-SITU AT600 232 6,753.97,14.09,462.72,584.48,0.28,2161.1,0.38,0.999,5.43,-2,-318.9,0,0,-0.2,0.354708243893947,1080.5,13.759,73,NAN
2024-09-18 13:45:00,103260,PNNL_32,113IN-SITU AT600 232 6,753.97,14.09,462.78,584.56,0.28,2160.9,0.38,0.999,5.41,-1.1,-319.3,0,0,-0.23,0.35505708649996703,1080.5,13.777,73,NAN
2024-09-18 14:00:00,103261,PNNL_32,113IN-SITU AT600 232 6,753.97,14.09,463.06,584.92,0.29,2159.5,0.38,0.999,5.44,-2.6,-319.6,0,0,-0.21,0.3553189070023781,1080.4,13.786,73,NAN
2024-09-18 14:15:00,103262,PNNL_32,113IN-SITU AT600 232 6,753.97,14.09,463.07,584.92,0.29,2159.5,0.38,0.999,5.43,-1.9,-319.8,0,0,-0.2,0.35420363172245656,1080.2,13.786,73,NAN
2024-09-18 14:30:00,103263,PNNL_32,113IN-SITU AT600 232 6,753.97,14.09,463.06,584.9,0.29,2159.5,0.38,0.999,5.44,-2.3,-320.1,0,0,-0.21,0.3545234669606058,1080.2,13.777,73,NAN
2024-09-18 14:45:00,103264,PNNL_32,113IN-SITU AT600 232 6,753.97,14.09,463,584.82,0.29,2159.8,0.38,0.999,5.43,-1.8,-320.4,0,0,-0.21,0.3550310958983556,1080.2,13.786,73,NAN
2024-09-18 15:00:00,103265,PNNL_32,113IN-SITU AT600 232 6,753.97,14.09,463.02,584.86,0.29,2159.7,0.38,0.999,5.44,-2.5,-320.7,0,0,-0.2,0.35446696060799315,1080,13.777,73,NAN
2024-09-18 15:15:00,103266,PNNL_32,113IN-SITU AT600 232 6,753.97,14.09,462.99,584.81,0.29,2159.9,0.38,0.999,5.42,-1.5,-320.7,0,0,-0.22,0.3563676973951364,1080,13.786,73,NAN
2024-09-18 15:30:00,103267,PNNL_32,113IN-SITU AT600 232 6,753.97,14.09,462.86,584.63,0.28,2160.5,0.38,0.999,5.42,-1.5,-321,0,0,-0.21,0.3573249405348927,1080,13.75,73,NAN
2024-09-18 15:45:00,103268,PNNL_32,113IN-SITU AT600 232 6,753.97,14.1,462.82,584.57,0.28,2160.6,0.38,0.999,5.41,-0.9,-321.3,0,0,-0.21,0.3563974589545732,1079.9,13.759,73,NAN
2024-09-18 16:00:00,103269,PNNL_32,113IN-SITU AT600 232 6,753.97,14.09,463.06,584.88,0.29,2159.6,0.38,0.999,5.46,-3.5,-321.6,0,0,-0.23,0.35777380054533814,1080.1,13.768,73,NAN
2024-09-18 16:15:00,103270,PNNL_32,113IN-SITU AT600 232 6,753.97,14.1,463.06,584.87,0.29,2159.6,0.38,0.999,5.42,-1.7,-321.7,0,0,-0.22,0.35519440737947333,1079.8,13.768,73,NAN
2024-09-18 16:30:00,103271,PNNL_32,113IN-SITU AT600 232 6,753.97,14.09,463.03,584.86,0.29,2159.7,0.38,0.999,5.4,-0.7,-321.9,0,0,-0.22,0.3537020363172237,1079.7,13.777,73,NAN
2024-09-18 16:45:00,103272,PNNL_32,113IN-SITU AT600 232 6,753.97,14.1,463.05,584.86,0.29,2159.6,0.38,0.999,5.4,-0.8,-322.1,0,0,-0.21,0.35336845158670177,1079.7,13.75,73,NAN
2024-09-18 17:00:00,103273,PNNL_32,113IN-SITU AT600 232 6,753.97,14.09,463.11,584.95,0.29,2159.3,0.38,0.999,5.4,-0.9,-322.4,0,0,-0.21,0.3552241689389101,1079.7,13.741,73,NAN
2024-09-18 17:15:00,103274,PNNL_32,113IN-SITU AT600 232 6,753.97,14.1,463.12,584.95,0.29,2159.3,0.38,0.999,5.4,-0.7,-322.4,0,0,-0.2,0.35609363578348646,1079.8,13.759,73,NAN
2024-09-18 17:30:00,103275,PNNL_32,113IN-SITU AT600 232 6,753.97,14.1,463.1,584.91,0.29,2159.4,0.38,0.999,5.43,-1.8,-322.6,0,0,-0.2,0.35555699947786595,1079.8,13.759,73,NAN
2024-09-18 17:45:00,103276,PNNL_32,113IN-SITU AT600 232 6,753.97,14.1,463.09,584.89,0.29,2159.4,0.38,0.999,5.41,-0.9,-322.9,0,0,-0.22,0.3556882868248537,1079.8,13.741,73,NAN
2024-09-18 18:00:00,103277,PNNL_32,113IN-SITU AT600 232 6,753.97,14.09,463.24,585.12,0.29,2158.7,0.38,0.999,5.4,-0.8,-323.1,0,0,-0.19,0.3566027731043666,1079.7,13.795,73,NAN
2024-09-18 18:15:00,103278,PNNL_32,113IN-SITU AT600 232 6,753.97,14.1,463.28,585.13,0.29,2158.5,0.38,0.999,5.4,-0.5,-323,0,0,-0.2,0.3534317456633974,1079.2,13.777,73,NAN
2024-09-18 18:30:00,103279,PNNL_32,113IN-SITU AT600 232 6,753.97,14.1,463.33,585.2,0.29,2158.3,0.38,0.999,5.41,-1,-323.2,0,0,-0.2,0.35537599350234844,1079.2,13.75,73,NAN
2024-09-18 18:45:00,103280,PNNL_32,113IN-SITU AT600 232 6,753.97,14.1,463.35,585.23,0.29,2158.2,0.38,0.999,5.38,0.3,-323.4,0,0,-0.21,0.35569507454893334,1079.1,13.759,73,NAN
2024-09-18 19:00:00,103281,PNNL_32,113IN-SITU AT600 232 6,753.97,14.1,463.38,585.28,0.29,2158,0.38,0.999,5.41,-1.3,-323.5,0,0,-0.2,0.3574340082380893,1079.3,13.759,73,NAN
2024-09-18 19:15:00,103282,PNNL_32,113IN-SITU AT600 232 6,753.97,14.1,463.39,585.28,0.29,2158,0.38,0.999,5.38,0.1,-323.5,0,0,-0.21,0.3575775366943176,1079.4,13.768,73,NAN
2024-09-18 19:30:00,103283,PNNL_32,113IN-SITU AT600 232 6,753.97,14.1,463.43,585.32,0.29,2157.8,0.38,0.999,5.39,-0.1,-323.6,0,0,-0.23,0.3572004409119879,1079.4,13.759,73,NAN
2024-09-18 19:45:00,103284,PNNL_32,113IN-SITU AT600 232 6,753.97,14.1,463.41,585.27,0.29,2157.9,0.38,0.999,5.44,-2.5,-323.8,0,0,-0.22,0.35705464988106805,1079.5,13.777,73,NAN
2024-09-18 20:00:00,103285,PNNL_32,113IN-SITU AT600 232 6,753.97,14.1,463.46,585.34,0.29,2157.7,0.38,0.999,5.44,-2.7,-323.8,0,0,-0.21,0.35617067935255303,1079.4,13.75,73,NAN
2024-09-18 20:15:00,103286,PNNL_32,113IN-SITU AT600 232 6,753.97,14.1,463.56,585.46,0.29,2157.2,0.38,0.999,5.41,-1.3,-323.9,0,0,-0.22,0.3563302198758455,1079.4,13.768,73,NAN
2024-09-18 20:30:00,103287,PNNL_32,113IN-SITU AT600 232 6,753.97,14.1,463.59,585.5,0.29,2157.1,0.38,0.999,5.41,-1.2,-323.9,0,0,-0.22,0.35606915356500213,1079.4,13.75,73,NAN
2024-09-18 20:45:00,103288,PNNL_32,113IN-SITU AT600 232 6,753.97,14.1,463.58,585.5,0.29,2157.1,0.38,0.999,5.39,0,-324.1,0,0,-0.2,0.3572279398967331,1079.5,13.786,73,NAN
2024-09-18 21:00:00,103289,PNNL_32,113IN-SITU AT600 232 6,753.97,14.1,463.69,585.65,0.29,2156.6,0.38,0.999,5.4,-0.8,-324.3,0,0,-0.22,0.3544752567152032,1079.3,13.75,73,NAN
2024-09-18 21:15:00,103290,PNNL_32,113IN-SITU AT600 232 6,753.97,14.1,463.68,585.6,0.29,2156.6,0.38,0.999,5.38,0.1,-324.3,0,0,-0.22,0.3562156987874896,1079.3,13.759,73,NAN
2024-09-18 21:30:00,103291,PNNL_32,113IN-SITU AT600 232 6,753.97,14.1,463.67,585.58,0.29,2156.7,0.38,0.999,5.36,1.3,-324.6,0,0,-0.21,0.3538248535127929,1079.1,13.768,73,NAN
2024-09-18 21:45:00,103292,PNNL_32,113IN-SITU AT600 232 6,753.97,14.1,463.69,585.61,0.29,2156.6,0.38,0.999,5.38,0.5,-324.9,0,0,-0.2,0.35557904507744703,1079.1,13.768,73,NAN
2024-09-18 22:00:00,103293,PNNL_32,113IN-SITU AT600 232 6,753.97,14.1,463.84,585.81,0.29,2155.9,0.38,0.999,5.42,-1.8,-325,0,0,-0.22,0.3571736961188136,1079.2,13.768,73,NAN
2024-09-18 22:15:00,103294,PNNL_32,113IN-SITU AT600 232 6,753.97,14.1,463.88,585.85,0.29,2155.7,0.38,0.999,5.43,-2.2,-325.1,0,0,-0.22,0.3555652955850793,1079,13.777,73,NAN
2024-09-18 22:30:00,103295,PNNL_32,113IN-SITU AT600 232 6,753.97,14.1,463.9,585.86,0.29,2155.7,0.38,0.999,5.41,-1.1,-325.1,0,0,-0.2,0.35524696873005557,1079,13.786,73,NAN
2024-09-18 22:45:00,103296,PNNL_32,113IN-SITU AT600 232 6,753.97,14.1,463.91,585.88,0.29,2155.6,0.38,0.999,5.39,0,-325.3,0,0,-0.21,0.3542049660613769,1078.8,13.786,73,NAN
2024-09-18 23:00:00,103297,PNNL_32,113IN-SITU AT600 232 6,753.97,14.1,464,586.01,0.29,2155.2,0.38,0.999,5.41,-1.3,-325.4,0,0,-0.22,0.35537976446017044,1078.8,13.786,73,NAN
2024-09-18 23:15:00,103298,PNNL_32,113IN-SITU AT600 232 6,753.97,14.1,463.99,585.96,0.29,2155.2,0.38,0.999,5.39,0,-325.4,0,0,-0.21,0.3547851134188068,1078.8,13.759,73,NAN
2024-09-18 23:30:00,103299,PNNL_32,113IN-SITU AT600 232 6,753.97,14.1,464.01,586,0.29,2155.1,0.38,0.999,5.4,-0.9,-325.5,0,0,-0.21,0.3545095434240281,1078.8,13.768,73,NAN
2024-09-18 23:45:00,103300,PNNL_32,113IN-SITU AT600 232 6,753.97,14.1,463.99,585.98,0.29,2155.2,0.38,0.999,5.41,-1,-325.9,0,0,-0.21,0.3561324476416977,1078.9,13.786,73,NAN
2024-09-19 00:00:00,103301,PNNL_32,113IN-SITU AT600 232 6,753.97,14.1,464.07,586.07,0.29,2154.9,0.38,0.999,5.45,-2.8,-325.8,0,0,-0.2,0.3531461971340697,1078.8,13.786,73,NAN
2024-09-19 00:15:00,103302,PNNL_32,113IN-SITU AT600 232 6,753.97,14.1,464.09,586.1,0.29,2154.7,0.38,0.999,5.41,-1,-325.8,0,0,-0.21,0.35419197076057196,1078.7,13.75,73,NAN
2024-09-19 00:30:00,103303,PNNL_32,113IN-SITU AT600 232 6,753.97,14.1,464.07,586.06,0.29,2154.9,0.38,0.999,5.42,-1.4,-325.8,0,0,-0.21,0.3545675581597712,1078.8,13.768,73,NAN
2024-09-19 00:45:00,103304,PNNL_32,113IN-SITU AT600 232 6,753.97,14.1,464.06,586.06,0.29,2154.9,0.38,0.999,5.4,-0.7,-325.9,0,0,-0.2,0.3544660323722203,1078.8,13.795,73,NAN
2024-09-19 01:00:00,103305,PNNL_32,113IN-SITU AT600 232 6,753.97,14.1,464.12,586.14,0.29,2154.6,0.38,0.999,5.38,0.4,-326,0,0,-0.21,0.35478586761036957,1078.7,13.786,73,NAN
2024-09-19 01:15:00,103306,PNNL_32,113IN-SITU AT600 232 6,753.97,14.1,464.15,586.16,0.29,2154.5,0.38,0.999,5.4,-0.6,-325.9,0,0,-0.2,0.3555118059987226,1078.7,13.786,73,NAN
2024-09-19 01:30:00,103307,PNNL_32,113IN-SITU AT600 232 6,753.97,14.1,464.05,586.03,0.29,2154.9,0.38,0.999,5.37,0.8,-325.9,0,0,-0.19,0.3547888843766305,1078.4,13.768,73,NAN
2024-09-19 01:45:00,103308,PNNL_32,113IN-SITU AT600 232 6,753.97,14.1,464.04,586.01,0.29,2155,0.38,0.999,5.39,-0.3,-326.2,0,0,-0.21,0.35593467540755164,1078.5,13.786,73,NAN
2024-09-19 02:00:00,103309,PNNL_32,113IN-SITU AT600 232 6,753.97,14.1,464.13,586.14,0.29,2154.6,0.38,0.999,5.43,-2,-326.2,0,0,-0.22,0.35541329697743257,1078.3,13.777,73,NAN
2024-09-19 02:15:00,103310,PNNL_32,113IN-SITU AT600 232 6,753.97,14.1,464.08,586.06,0.29,2154.8,0.38,0.999,5.41,-1,-326.2,0,0,-0.21,0.3571102279979112,1078.4,13.768,73,NAN
2024-09-19 02:30:00,103311,PNNL_32,113IN-SITU AT600 232 6,753.97,14.1,464.09,586.06,0.29,2154.8,0.38,0.999,5.43,-1.9,-326.3,0,0,-0.21,0.354241515344895,1078,13.759,73,NAN
2024-09-19 02:45:00,103312,PNNL_32,113IN-SITU AT600 232 6,753.97,14.1,464.07,586.03,0.29,2154.9,0.38,0.999,5.41,-1.1,-326.5,0,0,-0.22,0.35361785693565895,1078,13.795,73,NAN
2024-09-19 03:00:00,103313,PNNL_32,113IN-SITU AT600 232 6,753.97,14.1,464.14,586.13,0.29,2154.5,0.38,0.999,5.4,-0.8,-326.7,0,0,-0.22,0.3577201369147746,1078.2,13.768,73,NAN
2024-09-19 03:15:00,103314,PNNL_32,113IN-SITU AT600 232 6,753.97,14.1,464.1,586.07,0.29,2154.7,0.38,0.999,5.42,-1.4,-326.6,0,0,-0.22,0.35464686430353265,1078.1,13.786,73,NAN
2024-09-19 03:30:00,103315,PNNL_32,113IN-SITU AT600 232 6,753.97,14.1,464.07,586.04,0.29,2154.8,0.38,0.999,5.42,-1.5,-326.9,0,0,-0.21,0.35490717642280833,1078.2,13.75,73,NAN
2024-09-19 03:45:00,103316,PNNL_32,113IN-SITU AT600 232 6,753.97,14.1,464.03,585.98,0.29,2155,0.38,0.999,5.39,-0.3,-327.2,0,0,-0.2,0.3530087022103599,1078.1,13.759,73,NAN
2024-09-19 04:00:00,103317,PNNL_32,113IN-SITU AT600 232 6,753.97,14.1,464.06,586.03,0.29,2154.9,0.38,0.999,5.44,-2.5,-327.2,0,0,-0.21,0.3547476358995159,1078.2,13.759,73,NAN
2024-09-19 04:15:00,103318,PNNL_32,113IN-SITU AT600 232 6,753.97,14.1,464.05,586.01,0.29,2154.9,0.38,0.999,5.43,-1.9,-327.1,0,0,-0.2,0.35400870221036124,1078.1,13.759,73,NAN
2024-09-19 04:30:00,103319,PNNL_32,113IN-SITU AT600 232 6,753.97,14.1,464.09,586.06,0.29,2154.7,0.38,0.999,5.41,-1.3,-327.2,0,0,-0.22,0.35676213958345393,1078.3,13.75,73,NAN
2024-09-19 04:45:00,103320,PNNL_32,113IN-SITU AT600 232 6,753.97,14.11,464.11,586.05,0.29,2154.7,0.38,0.999,5.42,-1.5,-327.4,0,0,-0.2,0.3538064048268238,1078.1,13.777,73,NAN
2024-09-19 05:00:00,103321,PNNL_32,113IN-SITU AT600 232 6,753.97,14.1,464.16,586.15,0.29,2154.4,0.38,0.999,5.42,-1.7,-327.5,0,0,-0.22,0.35432778325694614,1078.1,13.777,73,NAN
2024-09-19 05:15:00,103322,PNNL_32,113IN-SITU AT600 232 6,753.97,14.1,464.15,586.12,0.29,2154.5,0.38,0.999,5.38,0.3,-327.5,0,0,-0.22,0.3549789406509241,1078.3,13.759,73,NAN
2024-09-19 05:30:00,103323,PNNL_32,113IN-SITU AT600 232 6,753.97,14.11,464.1,586.04,0.29,2154.7,0.38,0.999,5.43,-2.1,-327.7,0,0,-0.19,0.3557308696408886,1078.5,13.786,73,NAN
2024-09-19 05:45:00,103324,PNNL_32,113IN-SITU AT600 232 6,753.97,14.11,464.05,585.99,0.29,2154.9,0.38,0.999,5.43,-1.9,-328,0,0,-0.2,0.35436752335093025,1078.5,13.759,73,NAN
2024-09-19 06:00:00,103325,PNNL_32,113IN-SITU AT600 232 6,753.97,14.1,464.12,586.08,0.29,2154.6,0.38,0.999,5.42,-1.6,-328.1,0,0,-0.2,0.3526278354702082,1078.4,13.759,73,NAN
2024-09-19 06:15:00,103326,PNNL_32,113IN-SITU AT600 232 6,753.97,14.11,464.13,586.09,0.29,2154.6,0.38,0.999,5.44,-2.3,-328,0,0,-0.22,0.35446754075535075,1078.7,13.768,73,NAN
2024-09-19 06:30:00,103327,PNNL_32,113IN-SITU AT600 232 6,753.97,14.11,464.09,586.02,0.29,2154.8,0.38,0.999,5.44,-2.3,-328.1,0,0,-0.19,0.3522202239368806,1078.5,13.759,73,NAN
2024-09-19 06:45:00,103328,PNNL_32,113IN-SITU AT600 232 6,753.97,14.11,464.06,585.99,0.29,2154.9,0.38,0.999,5.42,-1.8,-328.3,0,0,-0.22,0.3496255728955127,1078.4,13.75,73,NAN
2024-09-19 07:00:00,103329,PNNL_32,113IN-SITU AT600 232 6,753.97,14.11,464.12,586.08,0.29,2154.6,0.38,0.999,5.43,-2.2,-328.4,0,0,-0.21,0.35066832975575907,1078.6,13.75,73,NAN
2024-09-19 07:15:00,103330,PNNL_32,113IN-SITU AT600 232 6,753.97,14.11,464.14,586.07,0.29,2154.5,0.38,0.999,5.44,-2.4,-328.5,0,0,-0.22,0.3490156639786493,1078.5,13.777,73,NAN
2024-09-19 07:30:00,103331,PNNL_32,113IN-SITU AT600 232 6,753.97,14.11,464.07,586,0.29,2154.8,0.38,0.999,5.43,-1.9,-328.6,0,0,-0.2,0.34795689505134203,1078.5,13.759,73,NAN
2024-09-19 07:45:00,103332,PNNL_32,113IN-SITU AT600 232 6,753.97,14.11,464.03,585.93,0.29,2155,0.38,0.999,5.4,-0.5,-328.8,0,0,-0.22,0.34479735452804894,1078.3,13.75,73,NAN
2024-09-19 08:00:00,103333,PNNL_32,113IN-SITU AT600 232 6,753.97,14.11,464.05,585.97,0.29,2154.9,0.38,0.999,5.43,-1.9,-328.8,0,0,-0.2,0.34762331032082017,1078.5,13.759,73,NAN
2024-09-19 08:15:00,103334,PNNL_32,113IN-SITU AT600 232 6,753.97,14.11,464.08,586.01,0.29,2154.8,0.38,0.999,5.4,-0.8,-328.8,0,0,-0.2,0.3451156813830711,1078.4,13.786,73,NAN
2024-09-19 08:30:00,103335,PNNL_32,113IN-SITU AT600 232 6,753.97,14.11,464.1,586.01,0.29,2154.7,0.38,0.999,5.42,-1.8,-329,0,0,-0.19,0.34465231768869187,1078.3,13.768,73,NAN
2024-09-19 08:45:00,103336,PNNL_32,113IN-SITU AT600 232 6,753.97,14.11,464.11,586.02,0.29,2154.7,0.38,0.999,5.41,-1.1,-329.2,0,0,-0.21,0.3443629982015405,1078.2,13.768,73,NAN
2024-09-19 09:00:00,103337,PNNL_32,113IN-SITU AT600 232 6,753.97,14.11,464.08,586,0.29,2154.8,0.38,0.999,5.39,0.1,-329.2,0,0,-0.22,0.34450803504089755,1078.2,13.786,73,NAN
2024-09-19 09:15:00,103338,PNNL_32,113IN-SITU AT600 232 6,753.97,14.11,464.05,585.94,0.29,2154.9,0.38,0.999,5.39,-0.1,-329.2,0,0,-0.19,0.343407263444913,1078.1,13.759,73,NAN
2024-09-19 09:30:00,103339,PNNL_32,113IN-SITU AT600 232 6,753.97,14.11,463.98,585.84,0.29,2155.3,0.38,0.999,5.42,-1.6,-329.4,0,0,-0.21,0.34078511341880807,1077.8,13.759,73,NAN
2024-09-19 09:45:00,103340,PNNL_32,113IN-SITU AT600 232 6,753.97,14.11,463.94,585.79,0.29,2155.5,0.38,0.999,5.4,-0.5,-329.6,0,0,-0.21,0.34078662180193686,1077.6,13.759,73,NAN
2024-09-19 10:00:00,103341,PNNL_32,113IN-SITU AT600 232 6,753.97,14.11,463.97,585.85,0.29,2155.3,0.38,0.999,5.43,-1.9,-329.7,0,0,-0.21,0.34226524337181385,1077.7,13.75,73,NAN
2024-09-19 10:15:00,103342,PNNL_32,113IN-SITU AT600 232 6,753.97,14.11,463.97,585.84,0.29,2155.3,0.38,0.999,5.41,-1.1,-329.6,0,0,-0.22,0.3428171375529391,1077.6,13.75,73,NAN
2024-09-19 10:30:00,103343,PNNL_32,113IN-SITU AT600 232 6,753.97,14.11,463.98,585.84,0.29,2155.3,0.38,0.999,5.43,-1.9,-329.8,0,0,-0.2,0.34394842489992483,1077.7,13.759,73,NAN
2024-09-19 10:45:00,103344,PNNL_32,113IN-SITU AT600 232 6,753.97,14.11,463.95,585.79,0.29,2155.4,0.38,0.999,5.43,-2.3,-329.8,0,0,-0.22,0.34221024540233164,1077.4,13.795,73,NAN
2024-09-19 11:00:00,103345,PNNL_32,113IN-SITU AT600 232 6,753.97,14.11,464.07,585.97,0.29,2154.8,0.38,0.999,5.44,-2.5,-329.9,0,0,-0.2,0.34083465800313106,1077.2,13.759,73,NAN
2024-09-19 11:15:00,103346,PNNL_32,113IN-SITU AT600 232 6,753.97,14.11,464.08,585.95,0.29,2154.8,0.38,0.999,5.43,-2.1,-329.7,0,0,-0.21,0.34253309740674015,1077.1,13.759,73,NAN
2024-09-19 11:30:00,103347,PNNL_32,113IN-SITU AT600 232 6,753.97,14.11,464,585.84,0.29,2155.2,0.38,0.999,5.4,-0.8,-329.8,0,0,-0.22,0.3437674189244073,1076.9,13.777,73,NAN
2024-09-19 11:45:00,103348,PNNL_32,113IN-SITU AT600 232 6,753.97,14.11,463.96,585.82,0.29,2155.3,0.38,0.999,5.41,-1.1,-330.1,0,0,-0.2,0.3415513720484979,1076.7,13.777,73,NAN
2024-09-19 12:00:00,103349,PNNL_32,113IN-SITU AT600 232 6,753.97,14.11,463.99,585.83,0.29,2155.2,0.38,0.999,5.43,-2.1,-330.1,0,0,-0.22,0.3415376225561286,1076.6,13.768,73,NAN
2024-09-19 12:15:00,103350,PNNL_32,113IN-SITU AT600 232 6,753.97,14.11,463.94,585.78,0.29,2155.4,0.38,0.999,5.44,-2.4,-330.1,0,0,-0.21,0.342799443058536,1076.6,13.777,73,NAN
2024-09-19 12:30:00,103351,PNNL_32,113IN-SITU AT600 232 6,753.97,14.11,463.97,585.82,0.29,2155.3,0.38,0.999,5.44,-2.4,-330.1,0,0,-0.21,0.34255514300632284,1076.4,13.786,73,NAN
2024-09-19 12:45:00,103352,PNNL_32,113IN-SITU AT600 232 6,753.97,14.11,464.04,585.89,0.29,2155,0.38,0.999,5.43,-2,-330.2,0,0,-0.2,0.34304977664326436,1076.3,13.786,73,NAN
2024-09-19 13:00:00,103353,PNNL_32,113IN-SITU AT600 232 6,753.97,14.11,463.95,585.78,0.29,2155.4,0.38,0.999,5.41,-1.2,-330.5,0,0,-0.23,0.34244363868422295,1076,13.75,73,NAN
2024-09-19 13:15:00,103354,PNNL_32,113IN-SITU AT600 232 6,753.97,14.11,464,585.84,0.29,2155.2,0.38,0.999,5.46,-3.2,-330.4,0,0,-0.21,0.34366119394326156,1076,13.768,73,NAN
2024-09-19 13:30:00,103355,PNNL_32,113IN-SITU AT600 232 6,753.97,14.11,463.98,585.79,0.29,2155.3,0.38,0.999,5.43,-1.9,-330.5,0,0,-0.22,0.3471840807565101,1076.1,13.759,73,NAN
2024-09-19 13:45:00,103356,PNNL_32,113IN-SITU AT600 232 6,753.97,14.11,463.91,585.7,0.29,2155.6,0.38,0.999,5.44,-2.4,-330.8,0,0,-0.2,0.34512832859546244,1075.8,13.759,73,NAN
2024-09-19 14:00:00,103357,PNNL_32,113IN-SITU AT600 232 6,753.97,14.11,463.88,585.7,0.29,2155.7,0.38,0.999,5.48,-4.6,-330.9,0,0,-0.21,0.34557945118059946,1075.7,13.759,73,NAN
2024-09-19 14:15:00,103358,PNNL_32,113IN-SITU AT600 232 6,753.97,14.11,463.83,585.62,0.29,2155.9,0.38,0.999,5.45,-2.9,-331,0,0,-0.21,0.3449427974705535,1075.6,13.741,73,NAN
2024-09-19 14:30:00,103359,PNNL_32,113IN-SITU AT600 232 6,753.97,14.11,463.83,585.61,0.29,2155.9,0.38,0.999,5.45,-3.1,-331,0,0,-0.2,0.3463771537970633,1075.7,13.777,73,NAN
2024-09-19 14:45:00,103360,PNNL_32,113IN-SITU AT600 232 6,753.97,14.11,463.83,585.61,0.29,2156,0.38,0.999,5.42,-1.8,-331.2,0,0,-0.21,0.34856645587979024,1075.7,13.768,73,NAN
2024-09-19 15:00:00,103361,PNNL_32,113IN-SITU AT600 232 6,753.97,14.11,463.85,585.66,0.29,2155.9,0.38,0.999,5.43,-2.1,-331,0,0,-0.2,0.3466412368741659,1075.4,13.759,73,NAN
2024-09-19 15:15:00,103362,PNNL_32,113IN-SITU AT600 232 6,753.97,14.11,463.78,585.54,0.29,2156.2,0.38,0.999,5.41,-1.1,-331,0,0,-0.22,0.34728015315890176,1075.4,13.777,73,NAN
2024-09-19 15:30:00,103363,PNNL_32,113IN-SITU AT600 232 6,753.97,14.11,463.81,585.57,0.29,2156.1,0.38,0.999,5.43,-2,-331.2,0,0,-0.21,0.3481801357544793,1075.2,13.777,73,NAN
2024-09-19 15:45:00,103364,PNNL_32,113IN-SITU AT600 232 6,753.97,14.11,463.77,585.53,0.29,2156.2,0.38,0.999,5.42,-1.4,-331.5,0,0,-0.22,0.34809311365086537,1075.2,13.759,73,NAN
2024-09-19 16:00:00,103365,PNNL_32,113IN-SITU AT600 232 6,753.97,14.11,463.85,585.62,0.29,2155.9,0.38,0.999,5.41,-1.3,-331.4,0,0,-0.2,0.34586180889945783,1075.1,13.777,73,NAN
2024-09-19 16:15:00,103366,PNNL_32,113IN-SITU AT600 232 6,753.97,14.11,463.8,585.56,0.29,2156.1,0.38,0.999,5.44,-2.7,-331.5,0,0,-0.21,0.3498480594070872,1075.2,13.786,73,NAN
2024-09-19 16:30:00,103367,PNNL_32,113IN-SITU AT600 232 6,753.97,14.11,463.79,585.54,0.29,2156.1,0.38,0.999,5.43,-2.3,-331.7,0,0,-0.21,0.3477892904797819,1075.2,13.768,73,NAN
2024-09-19 16:45:00,103368,PNNL_32,113IN-SITU AT600 232 6,753.97,14.11,463.76,585.5,0.29,2156.3,0.38,0.999,5.42,-1.8,-332.5,0,0,-0.21,0.34846945524163064,1075.3,13.795,73,NAN
2024-09-19 17:00:00,103369,PNNL_32,113IN-SITU AT600 232 6,753.97,14.11,463.74,585.47,0.29,2156.4,0.38,0.999,5.41,-0.9,-333.1,0,0,-0.22,0.3464106863143221,1075.3,13.768,73,NAN
2024-09-19 17:15:00,103370,PNNL_32,113IN-SITU AT600 232 6,753.97,14.12,463.75,585.46,0.29,2156.3,0.38,0.999,5.43,-1.9,-333.2,0,0,-0.2,0.34817938156291656,1075.4,13.768,73,NAN
2024-09-19 17:30:00,103371,PNNL_32,113IN-SITU AT600 232 6,753.97,14.11,463.8,585.55,0.29,2156.1,0.38,0.999,5.46,-3.4,-333.4,0,0,-0.21,0.34857173522074436,1075.3,13.75,73,NAN
2024-09-19 17:45:00,103372,PNNL_32,113IN-SITU AT600 232 6,753.97,14.11,463.76,585.5,0.29,2156.3,0.38,0.999,5.39,-0.3,-333.8,0,0,-0.19,0.3486007425886151,1075.2,13.768,73,NAN
2024-09-19 18:00:00,103373,PNNL_32,113IN-SITU AT600 232 6,753.97,14.12,463.73,585.45,0.29,2156.4,0.38,0.999,5.45,-2.9,-334,0,0,-0.21,0.3508618088994611,1075.4,13.777,73,NAN
2024-09-19 18:15:00,103374,PNNL_32,113IN-SITU AT600 232 6,753.97,14.11,463.77,585.5,0.29,2156.2,0.38,0.999,5.43,-2.1,-334.2,0,0,-0.21,0.34849997099263186,1075.2,13.75,73,NAN
2024-09-19 18:30:00,103375,PNNL_32,113IN-SITU AT600 232 6,753.97,14.12,463.72,585.43,0.29,2156.5,0.38,0.999,5.41,-1.3,-334.7,0,0,-0.21,0.3518763125833945,1075.5,13.777,73,NAN
2024-09-19 18:45:00,103376,PNNL_32,113IN-SITU AT600 232 6,753.97,14.12,463.75,585.47,0.29,2156.3,0.38,0.999,5.38,0.2,-335.3,0,0,-0.21,0.35322440099784985,1075.5,13.759,73,NAN
2024-09-19 19:00:00,103377,PNNL_32,113IN-SITU AT600 232 6,753.97,14.12,463.75,585.47,0.29,2156.4,0.38,0.999,5.4,-0.8,-335.4,0,0,-0.21,0.3510068457388182,1075.4,13.75,73,NAN
2024-09-19 19:15:00,103378,PNNL_32,113IN-SITU AT600 232 6,753.97,14.12,463.64,585.32,0.29,2156.8,0.38,0.999,5.38,0.3,-335.6,0,0,-0.22,0.35313737889423596,1075.6,13.786,73,NAN
2024-09-19 19:30:00,103379,PNNL_32,113IN-SITU AT600 232 6,753.97,14.12,463.65,585.33,0.29,2156.8,0.38,0.999,5.4,-0.6,-336,0,0,-0.2,0.35164425364042357,1075.5,13.75,73,NAN
2024-09-19 19:45:00,103380,PNNL_32,113IN-SITU AT600 232 6,753.97,14.12,463.55,585.19,0.29,2157.3,0.38,0.999,5.42,-1.5,-336.5,0,0,-0.21,0.3518182978476514,1075.5,13.777,73,NAN
2024-09-19 20:00:00,103381,PNNL_32,113IN-SITU AT600 232 6,753.97,14.11,463.59,585.27,0.29,2157.1,0.38,0.999,5.4,-0.6,-336.6,0,0,-0.21,0.3534266983813873,1075.6,13.768,73,NAN
2024-09-19 20:15:00,103382,PNNL_32,113IN-SITU AT600 232 6,753.97,14.12,463.5,585.14,0.29,2157.5,0.38,0.999,5.47,-3.9,-336.8,0,0,-0.22,0.35144120206532337,1075.5,13.759,73,NAN
2024-09-19 20:30:00,103383,PNNL_32,113IN-SITU AT600 232 6,753.97,14.12,463.44,585.06,0.29,2157.8,0.38,0.999,5.42,-1.5,-337.1,0,0,-0.22,0.3534266983813873,1075.6,13.786,73,NAN
2024-09-19 20:45:00,103384,PNNL_32,113IN-SITU AT600 232 6,753.97,14.12,463.44,585.05,0.29,2157.8,0.38,0.999,5.41,-1.2,-337.4,0,0,-0.22,0.35274577942797086,1075.6,13.75,73,NAN
2024-09-19 21:00:00,103385,PNNL_32,113IN-SITU AT600 232 6,753.97,14.11,463.45,585.1,0.29,2157.7,0.38,0.999,5.47,-3.8,-337.5,0,0,-0.21,0.3532671578580932,1075.6,13.786,73,NAN
2024-09-19 21:15:00,103386,PNNL_32,113IN-SITU AT600 232 6,753.97,14.12,463.35,584.94,0.29,2158.2,0.38,0.999,5.4,-0.6,-337.5,0,0,-0.22,0.3524999709926306,1075.5,13.75,73,NAN
2024-09-19 21:30:00,103387,PNNL_32,113IN-SITU AT600 232 6,753.97,14.12,463.34,584.94,0.29,2158.3,0.38,0.999,5.41,-1,-337.7,0,0,-0.19,0.35412362940186465,1075.5,13.759,73,NAN
2024-09-19 21:45:00,103388,PNNL_32,113IN-SITU AT600 232 6,753.97,14.12,463.33,584.89,0.29,2158.3,0.38,0.999,5.36,1.2,-338.2,0,0,-0.22,0.3543541799617101,1075.7,13.786,73,NAN
2024-09-19 22:00:00,103389,PNNL_32,113IN-SITU AT600 232 6,753.97,14.12,463.17,584.72,0.29,2159,0.38,0.999,5.42,-1.7,-338,0,0,-0.21,0.35100609154725215,1075.5,13.759,73,NAN
2024-09-19 22:15:00,103390,PNNL_32,113IN-SITU AT600 232 6,753.97,14.12,462.98,584.45,0.28,2159.9,0.38,0.999,5.39,-0.1,-338.1,0,0,-0.22,0.35515037419504353,1075.8,13.777,73,NAN
2024-09-19 22:30:00,103391,PNNL_32,113IN-SITU AT600 232 6,753.97,14.12,463.04,584.52,0.28,2159.7,0.38,0.999,5.39,-0.3,-338.2,0,0,-0.22,0.35490381156813716,1075.8,13.795,73,NAN
2024-09-19 22:45:00,103392,PNNL_32,113IN-SITU AT600 232 6,753.97,14.12,462.94,584.39,0.28,2160.1,0.38,0.999,5.41,-1.3,-338.5,0,0,-0.22,0.3534694552416307,1075.7,13.777,73,NAN
2024-09-19 23:00:00,103393,PNNL_32,113IN-SITU AT600 232 6,753.97,14.12,463.07,584.58,0.28,2159.5,0.38,0.999,5.4,-0.7,-338.6,0,0,-0.21,0.35210761733479945,1075.5,13.759,73,NAN
2024-09-19 23:15:00,103394,PNNL_32,113IN-SITU AT600 232 6,753.97,14.12,462.98,584.46,0.28,2159.9,0.38,0.999,5.4,-0.4,-338.7,0,0,-0.22,0.3515427278528726,1075.5,13.75,73,NAN
2024-09-19 23:30:00,103395,PNNL_32,113IN-SITU AT600 232 6,753.97,14.12,463.01,584.48,0.28,2159.8,0.38,0.999,5.42,-1.6,-338.9,0,0,-0.21,0.35213813308580394,1075.4,13.768,73,NAN
2024-09-19 23:45:00,103396,PNNL_32,113IN-SITU AT600 232 6,753.97,14.12,462.92,584.36,0.28,2160.2,0.38,0.999,5.4,-0.6,-339.3,0,0,-0.22,0.3524564599408228,1075.5,13.777,73,NAN
2024-09-20 00:00:00,103397,PNNL_32,113IN-SITU AT600 232 6,753.97,14.12,462.92,584.39,0.28,2160.2,0.38,0.999,5.37,0.8,-339,0,0,-0.23,0.35093583570226683,1075.3,13.768,73,NAN
2024-09-20 00:15:00,103398,PNNL_32,113IN-SITU AT600 232 6,753.97,14.12,462.86,584.28,0.28,2160.5,0.38,0.999,5.41,-1.1,-339.1,0,0,-0.2,0.3527030225677308,1075.5,13.768,73,NAN
2024-09-20 00:30:00,103399,PNNL_32,113IN-SITU AT600 232 6,753.97,14.12,462.82,584.22,0.28,2160.7,0.38,0.999,5.41,-1.3,-339.5,0,0,-0.2,0.35268927307536146,1075.4,13.786,73,NAN
2024-09-20 00:45:00,103400,PNNL_32,113IN-SITU AT600 232 6,753.97,14.12,462.8,584.2,0.28,2160.8,0.38,0.999,5.39,-0.2,-339.7,0,0,-0.2,0.35354348204443636,1075.6,13.777,73,NAN
2024-09-20 01:00:00,103401,PNNL_32,113IN-SITU AT600 232 6,753.97,14.12,462.85,584.27,0.28,2160.5,0.38,0.999,5.41,-0.9,-339.6,0,0,-0.21,0.3521946394384134,1075.5,13.786,73,NAN
2024-09-20 01:15:00,103402,PNNL_32,113IN-SITU AT600 232 6,753.97,14.12,462.8,584.2,0.28,2160.7,0.38,0.999,5.4,-0.8,-339.7,0,0,-0.2,0.35389081626732927,1075.6,13.768,73,NAN
2024-09-20 01:30:00,103403,PNNL_32,113IN-SITU AT600 232 6,753.97,14.12,462.8,584.19,0.28,2160.8,0.38,0.999,5.39,0,-339.9,0,0,-0.2,0.351180889946046,1075.4,13.768,73,NAN
2024-09-20 01:45:00,103404,PNNL_32,113IN-SITU AT600 232 6,753.97,14.12,462.73,584.11,0.28,2161.1,0.38,0.999,5.47,-4,-340.3,0,0,-0.22,0.3516014967801835,1075.4,13.759,73,NAN
2024-09-20 02:00:00,103405,PNNL_32,113IN-SITU AT600 232 6,753.97,14.12,462.64,584.01,0.28,2161.5,0.38,0.999,5.4,-0.8,-340.1,0,0,-0.23,0.3526007425886138,1075.5,13.75,73,NAN
2024-09-20 02:15:00,103406,PNNL_32,113IN-SITU AT600 232 6,753.97,14.12,462.63,583.97,0.28,2161.5,0.38,0.999,5.41,-1.1,-340.1,0,0,-0.22,0.3513534257701417,1075.5,13.768,73,NAN
2024-09-20 02:30:00,103407,PNNL_32,113IN-SITU AT600 232 6,753.97,14.12,462.59,583.92,0.28,2161.7,0.38,0.999,5.43,-2,-340.2,0,0,-0.2,0.35228166154202895,1075.5,13.75,73,NAN
